1 0.212249 2.13724e-05 19.14 0.00383754 2.54875e-09 6.83892e-12 0.318374 0.000161822 71.0303
1 0.212249 2.13724e-05 19.14 0.00383754 2.54875e-09 6.83889e-12 0.318374 0.000161822 71.0303
1 0.0991647 0.00281775 20.1194 0.0025961 9.37228e-10 7.79002e-12 0.254699 0.00120149 1.15185
2 0.0996449 0.00371594 20.1439 0.00299331 3.43851e-10 3.51575e-12 0.28357 0.00304151 1.178
3 0.0940246 0.00450039 20.1634 0.00340271 1.23145e-10 1.47634e-12 0.305083 0.00405858 0.91873
3 0.107396 0.00331793 20.1583 0.00297185 1.24313e-10 1.09709e-12 0.285021 0.00145651 1.08727
5 0.10493 0.00590938 20.1536 0.00403919 1.65019e-11 2.43925e-13 0.332919 0.00730739 1.31918
4 0.117157 0.0204666 20.1546 0.00478668 4.82888e-11 1.43236e-12 0.305873 0.0200524 1.05118
5 0.10493 0.00590937 20.1536 0.00403919 1.65019e-11 2.43925e-13 0.332919 0.0073078 1.31918
6 0.101811 0.00804454 20.1733 0.00522445 6.12545e-12 1.18465e-13 0.361733 0.0332644 1.00267
7 0.158004 0.0647404 20.1962 0.00804761 2.72951e-12 2.58245e-13 0.330235 0.0607929 1.12216
8 0.170314 0.0224581 20.2289 0.0121385 1.0078e-12 5.52177e-13 0.40597 0.0410386 0.961293
8 0.112033 0.16101 20.2377 0.0540858 9.27403e-13 1.26215e-13 0.44363 0.319634 0.939065
8 0.125392 0.016733 20.2242 0.0114782 9.13172e-13 3.14792e-14 0.409426 0.0258353 1.01353
9 0.155994 0.0135785 20.336 0.0100127 4.29818e-13 7.03303e-14 0.421137 0.0237839 1.16551
9 0.14162 0.010303 20.3375 0.00800246 4.20457e-13 7.96833e-15 0.427867 0.0479069 1.17691
10 0.634166 2.43839 22.168 0.172554 3.03716e-14 2.21318e-14 1.19699 0.275375 0.808743
10 0.16185 0.00964249 20.7474 0.0605571 4.65089e-15 4.52167e-17 0.490345 0.0538154 1.08722
10 0.215279 0.122118 20.8718 0.134846 7.75143e-15 5.34635e-15 0.766422 0.203196 0.89126
10 0.16185 0.00964262 20.7474 0.0605572 4.65089e-15 4.52168e-17 0.490348 0.0538534 1.08722
