1 0.116216 0.00237205 20.1027 0.00193082 3976.29 25.2379 0.285716 0.00174315 1.51438
1 0.116216 0.00237203 20.1027 0.00193081 3976.29 25.2377 0.285716 0.00174315 1.51438
1 0.0973687 0.00240538 20.0958 0.00195361 3973.86 23.9261 0.321721 0.000736731 3.42075
1 0.105605 0.0023652 20.0983 0.00189368 3973.04 24.1604 0.30582 0.00109248 2.15111
1 0.116216 0.00237204 20.1027 0.00193083 3976.29 25.2379 0.285716 0.00174316 1.51438
1 0.100158 0.00317052 20.1054 0.00218705 3884.06 33.7326 0.301321 0.00252427 1.45975
2 0.10677 0.00468115 20.1397 0.00338278 1725.92 20.4519 0.322448 0.00346623 1.24497
3 0.104223 0.00790328 20.1547 0.00550369 658.463 13.1153 0.32845 0.0221653 1.05461
4 0.109468 0.0159207 20.159 0.0102381 254.681 9.78312 0.353318 0.220542 1.14321
5 0.0985277 0.0566377 20.1794 0.0268706 143.879 13.7699 0.333027 0.23332 1.28159
6 0.115654 0.14432 20.2086 0.0310505 54.3823 10.4423 0.307576 0.211692 0.566347
5 0.145821 0.0416659 20.173 0.0119247 154.987 8.38886 0.294341 0.0482983 1.32812
6 0.115654 0.14432 20.2086 0.0310504 54.3823 10.4422 0.307576 0.211691 0.566347
6 0.144738 0.0579082 20.2058 0.0175134 56.8056 4.83843 0.281202 0.0666211 0.535342
6 0.144743 0.0579854 20.2058 0.0175136 56.8074 4.84332 0.2812 0.071343 0.535342
6 0.084186 0.124604 20.2113 0.0615501 54.3932 6.10213 0.370699 0.0727302 0.592729
6 0.0616559 0.000559606 20.2144 0.011329 22.9197 0.0178432 0.295246 0.00979021 18.1894
6 0.0840874 0.124387 20.2114 0.0617037 54.3882 6.15393 0.370814 0.0727762 0.592729
6 0.0842965 0.124074 20.2112 0.0624706 54.4075 6.25232 0.370662 0.073862 0.592729
6 0.0849787 0.0269189 20.2107 0.0250576 54.4467 3.30204 0.36992 0.221906 0.592733
6 0.107616 0.0211027 20.1985 0.0200742 56.0306 2.68274 0.34915 0.19452 0.576214
7 0.112385 0.41024 20.3463 0.0962764 38.4563 7.34005 0.571357 0.137678 1.24689
7 0.221322 0.0668484 20.2438 0.0399324 36.7704 2.61239 0.381647 0.281593 1.41019
7 0.202296 0.081077 20.219 0.0370379 37.2464 2.8792 0.438674 0.177667 1.37545
8 0.145319 0.225774 20.2856 0.212931 15.8869 4.66289 0.60823 0.424556 1.35752
