1 0.528775 0.118044 24.092 0.0882693 5.13936e-08 2.55198e-08 1.00023 0.033303 2.12775
1 0.529484 0.0494224 24.0919 0.0993805 5.13736e-08 8.83716e-09 0.999946 0.0378654 2.1278
1 0.02742 0.000483198 21.1629 0.000966388 8.97386e-10 3.82336e-12 0.176318 0.00102194 1.66026
1 0.02742 0.000483112 21.1629 0.000966392 8.97386e-10 3.82336e-12 0.176319 0.00102194 1.66026
1 0.0290805 0.00312211 21.1639 0.00352795 8.91481e-10 7.6993e-12 0.16961 0.00334082 1.28789
2 0.0348007 0.000414062 21.2482 0.00118374 3.37701e-10 1.58609e-12 0.180233 0.00120527 2.1875
2 0.034838 0.000779755 21.246 0.000277832 3.3261e-10 1.4955e-12 0.172307 0.00129247 1.36135
3 0.0426199 0.000441477 21.3132 0.00159971 1.2822e-10 7.31534e-13 0.185325 0.00148521 2.73141
3 0.027256 0.00271153 21.3218 0.00357169 1.18006e-10 9.01136e-13 0.180117 0.00285914 1.09769
4 0.0478046 0.000655183 21.3555 0.00204778 5.00991e-11 3.46331e-13 0.189302 0.00171172 3.06825
5 0.0282799 0.016631 21.39 0.00118621 1.57465e-11 7.73277e-14 0.186547 0.00142381 0.946353
5 0.0284061 0.00153263 21.3892 0.00104327 1.58386e-11 6.87034e-14 0.18922 0.00105548 1.05907
6 0.0313978 0.0850489 21.4204 0.00135787 5.88805e-12 3.21401e-14 0.189276 0.0016178 0.980464
6 0.0371358 0.00382311 21.4153 0.00386246 5.98484e-12 5.89255e-14 0.185142 0.00392082 0.93729
7 0.0329928 0.0237803 21.4529 0.0109636 2.49253e-12 6.4871e-14 0.197309 0.0087085 1.22589
6 0.0371358 0.00382312 21.4153 0.00386246 5.98484e-12 5.89256e-14 0.185142 0.00392083 0.93729
7 0.0329888 0.023801 21.4529 0.0109485 2.4925e-12 6.47808e-14 0.197313 0.00869621 1.22589
6 0.0311109 0.00296707 21.4203 0.001193 5.93627e-12 2.81735e-14 0.19408 0.00122295 1.08781
6 0.0333743 0.00368726 21.4184 0.0042274 5.95042e-12 5.86227e-14 0.190229 0.00351205 0.996923
6 0.030607 0.00282508 21.4214 0.00383995 5.90759e-12 4.49449e-14 0.192347 0.00298565 0.997498
7 0.03299 0.0238545 21.4529 0.0109671 2.49251e-12 6.48847e-14 0.197312 0.00871047 1.22589
8 0.036515 0.120227 21.4915 0.00324751 8.71671e-13 9.98536e-15 0.204496 0.00339869 1.20163
8 0.0376592 0.00892572 21.4901 0.00984279 8.73207e-13 1.96222e-14 0.203345 0.00831904 1.15916
9 0.0415677 0.119682 21.5744 0.00365723 4.01742e-13 4.9535e-15 0.213115 0.0039441 0.966854
9 0.0558577 0.0153478 21.5681 0.00929168 4.21041e-13 1.64113e-14 0.205915 0.0124819 0.88756
9 0.0587437 0.0059974 21.5657 0.00490104 4.22925e-13 5.7175e-15 0.202856 0.0067968 1.06698
10 0.146071 0.195591 21.8725 0.0771123 9.09489e-15 3.77242e-15 0.21206 0.111597 0.809793
10 0.073326 0.104886 21.8683 0.0478428 7.58771e-15 1.03676e-15 0.256169 0.0575122 0.798983
10 0.0732479 0.104878 21.8683 0.0477365 7.58608e-15 1.03575e-15 0.25626 0.057285 0.798983
10 0.12448 0.0436683 21.8545 0.0194699 8.33916e-15 7.38693e-16 0.208028 0.0488385 0.736501
10 0.119756 0.0320892 21.8556 0.0201567 8.27783e-15 5.35155e-16 0.213061 0.040391 0.713914
