1 0.0991647 0.00281775 20.1194 0.0025961 9.37228e-10 7.79002e-12 0.254699 0.00120149 1.15185
2 0.0996449 0.00371594 20.1439 0.00299331 3.43851e-10 3.51575e-12 0.28357 0.00304151 1.178
3 0.107396 0.00331793 20.1583 0.00297185 1.24313e-10 1.09709e-12 0.285021 0.00145651 1.08727
4 0.117157 0.0204666 20.1546 0.00478668 4.82888e-11 1.43236e-12 0.305873 0.0200524 1.05118
5 0.10493 0.00590937 20.1536 0.00403919 1.65019e-11 2.43925e-13 0.332919 0.0073078 1.31918
6 0.101811 0.00804454 20.1733 0.00522445 6.12545e-12 1.18465e-13 0.361733 0.0332644 1.00267
7 0.158004 0.0647404 20.1962 0.00804761 2.72951e-12 2.58245e-13 0.330235 0.0607929 1.12216
8 0.125392 0.016733 20.2242 0.0114782 9.13172e-13 3.14792e-14 0.409426 0.0258353 1.01353
9 0.14162 0.010303 20.3375 0.00800246 4.20457e-13 7.96833e-15 0.427867 0.0479069 1.17691
10 0.16185 0.00964262 20.7474 0.0605572 4.65089e-15 4.52168e-17 0.490348 0.0538534 1.08722
