1 0.0290805 0.00312211 21.1639 0.00352795 8.91481e-10 7.6993e-12 0.16961 0.00334082 1.28789
2 0.034838 0.000779755 21.246 0.000277832 3.3261e-10 1.4955e-12 0.172307 0.00129247 1.36135
3 0.027256 0.00271153 21.3218 0.00357169 1.18006e-10 9.01136e-13 0.180117 0.00285914 1.09769
4 0.0478046 0.000655183 21.3555 0.00204778 5.00991e-11 3.46331e-13 0.189302 0.00171172 3.06825
5 0.0284061 0.00153263 21.3892 0.00104327 1.58386e-11 6.87034e-14 0.18922 0.00105548 1.05907
6 0.030607 0.00282508 21.4214 0.00383995 5.90759e-12 4.49449e-14 0.192347 0.00298565 0.997498
7 0.03299 0.0238545 21.4529 0.0109671 2.49251e-12 6.48847e-14 0.197312 0.00871047 1.22589
8 0.0376592 0.00892572 21.4901 0.00984279 8.73207e-13 1.96222e-14 0.203345 0.00831904 1.15916
9 0.0587437 0.0059974 21.5657 0.00490104 4.22925e-13 5.7175e-15 0.202856 0.0067968 1.06698
10 0.119756 0.0320892 21.8556 0.0201567 8.27783e-15 5.35155e-16 0.213061 0.040391 0.713914
