120.636	0	0	0.0	 
177.069	7.89759e-05	1.50436e-06	0.0	 
259.902	3.47655e-05	1.9496e-07	0.0	 
381.484	1.3901e-05	3.71032e-08	0.0	 
559.942	5.34773e-06	1.96659e-08	0.0	 
821.883	1.9663e-06	9.31496e-09	0.0	 
1206.36	7.1437e-07	4.50764e-09	0.0	 
1770.69	2.70437e-07	2.3315e-09	0.0	 
2599.02	1.00441e-07	1.06185e-09	0.0	 
3814.84	3.54993e-08	5.08867e-10	0.0	 
5599.42	1.28984e-08	2.43959e-10	0.0	 
8218.83	4.49234e-09	1.21073e-10	0.0	 
12063.6	1.67462e-09	6.38901e-11	0.0	 
17706.9	7.28762e-10	3.84275e-11	0.0	 
25990.2	2.80952e-10	1.86895e-11	0.0	 
38148.4	1.09857e-10	9.52438e-12	0.0	 
55994.2	4.58716e-11	4.9157e-12	0.0	 
82188.3	1.79753e-11	2.47936e-12	0.0	 
120636	5.8588e-12	1.12231e-12	0.0	 
177069	2.42852e-12	5.9013e-13	0.0	 
259902	1.02926e-12	3.46511e-13	0.0	 
381484	1.66641e-13	1.0695e-13	0.0	 
559942	3.34706e-14	2.87023e-14	0.0	 
821883	5.28814e-14	5.23285e-14	0.0	 
