120.636	0	0	0.0	 
177.069	0.000179457	3.33481e-06	0.0	 
259.902	7.88931e-05	4.46715e-07	0.0	 
381.484	3.15556e-05	8.62107e-08	0.0	 
559.942	1.22097e-05	4.46855e-08	0.0	 
821.883	4.57644e-06	2.11763e-08	0.0	 
1206.36	1.68948e-06	1.05766e-08	0.0	 
1770.69	6.28715e-07	5.07829e-09	0.0	 
2599.02	2.31124e-07	2.30704e-09	0.0	 
3814.84	8.18727e-08	1.14437e-09	0.0	 
5599.42	2.91412e-08	5.25671e-10	0.0	 
8218.83	9.95516e-09	2.72339e-10	0.0	 
13208.3	2.86006e-09	1.06609e-10	0.0	 
23488	7.23502e-10	4.1695e-11	0.0	 
41768.3	1.92245e-10	1.54258e-11	0.0	 
74275.7	5.25356e-11	6.11328e-12	0.0	 
132083	1.1567e-11	1.84502e-12	0.0	 
234880	3.65147e-12	9.53268e-13	0.0	 
417683	9.72949e-13	3.74904e-13	0.0	 
742757	0	0	0.0	 
