120.636	0	0	0.0	 
177.069	0.000185383	3.39265e-06	0.0	 
259.902	8.21153e-05	4.55383e-07	0.0	 
381.484	3.29895e-05	8.85451e-08	0.0	 
559.942	1.28162e-05	4.6332e-08	0.0	 
821.883	4.81367e-06	2.18918e-08	0.0	 
1206.36	1.77337e-06	1.07547e-08	0.0	 
1770.69	6.57873e-07	5.36965e-09	0.0	 
2599.02	2.4198e-07	2.57065e-09	0.0	 
3814.84	8.65877e-08	1.2151e-09	0.0	 
5599.42	3.15713e-08	6.12611e-10	0.0	 
8218.83	1.12889e-08	3.06766e-10	0.0	 
12063.6	4.20289e-09	1.57053e-10	0.0	 
17706.9	1.67731e-09	8.36095e-11	0.0	 
25990.2	6.5073e-10	4.07455e-11	0.0	 
38148.4	2.876e-10	2.25347e-11	0.0	 
55994.2	1.34416e-10	1.17483e-11	0.0	 
82188.3	5.49603e-11	6.57104e-12	0.0	 
120636	1.79845e-11	2.89037e-12	0.0	 
177069	7.25455e-12	1.54107e-12	0.0	 
259902	4.06495e-12	1.11253e-12	0.0	 
381484	1.27982e-12	4.74494e-13	0.0	 
559942	2.03707e-13	1.11733e-13	0.0	 
821883	2.45619e-13	2.34392e-13	0.0	 
