120.636	0	0	0.0	 
177.069	0.000186348	3.31505e-06	0.0	 
259.902	8.23647e-05	4.47103e-07	0.0	 
381.484	3.30519e-05	8.54816e-08	0.0	 
559.942	1.28379e-05	4.51405e-08	0.0	 
821.883	4.82678e-06	2.10855e-08	0.0	 
1206.36	1.782e-06	1.03886e-08	0.0	 
1770.69	6.6485e-07	5.10601e-09	0.0	 
2599.02	2.44426e-07	2.46531e-09	0.0	 
3814.84	8.68673e-08	1.1796e-09	0.0	 
5599.42	3.15848e-08	5.94818e-10	0.0	 
8218.83	1.13468e-08	3.04704e-10	0.0	 
12063.6	4.31001e-09	1.53127e-10	0.0	 
17706.9	1.71989e-09	8.09813e-11	0.0	 
25990.2	6.49954e-10	3.88793e-11	0.0	 
38148.4	2.80204e-10	2.16759e-11	0.0	 
55994.2	1.33896e-10	1.14899e-11	0.0	 
82188.3	5.58497e-11	6.4973e-12	0.0	 
120636	1.89278e-11	2.94611e-12	0.0	 
177069	7.81799e-12	1.59965e-12	0.0	 
259902	4.28162e-12	1.08402e-12	0.0	 
381484	1.45871e-12	5.06216e-13	0.0	 
559942	2.87338e-13	1.57975e-13	0.0	 
821883	2.30218e-13	2.17435e-13	0.0	 
