120.636	0	0	0.0	 
177.069	0.000185377	3.39234e-06	0.0	 
259.902	8.21147e-05	4.55352e-07	0.0	 
381.484	3.29895e-05	8.85443e-08	0.0	 
559.942	1.28162e-05	4.63411e-08	0.0	 
821.883	4.81375e-06	2.18825e-08	0.0	 
1206.36	1.77345e-06	1.07622e-08	0.0	 
1770.69	6.57813e-07	5.37796e-09	0.0	 
2599.02	2.41843e-07	2.5734e-09	0.0	 
3814.84	8.65514e-08	1.21811e-09	0.0	 
5599.42	3.17077e-08	6.208e-10	0.0	 
8218.83	1.14123e-08	3.11134e-10	0.0	 
12063.6	4.1727e-09	1.58019e-10	0.0	 
17706.9	1.61121e-09	8.85212e-11	0.0	 
25990.2	6.34614e-10	4.18109e-11	0.0	 
38148.4	2.96864e-10	2.3113e-11	0.0	 
55994.2	1.41679e-10	1.26251e-11	0.0	 
82188.3	5.60886e-11	6.75906e-12	0.0	 
132083	1.38899e-11	2.21135e-12	0.0	 
234880	3.7844e-12	8.03345e-13	0.0	 
417683	5.52423e-13	2.04729e-13	0.0	 
742757	1.45747e-13	1.40821e-13	0.0	 
