120.636	0	0	0.0	 
177.069	0.000180628	3.34048e-06	0.0	 
259.902	7.93913e-05	4.46277e-07	0.0	 
381.484	3.17734e-05	8.67466e-08	0.0	 
559.942	1.23135e-05	4.48059e-08	0.0	 
821.883	4.61938e-06	2.14182e-08	0.0	 
1206.36	1.69482e-06	1.01164e-08	0.0	 
1770.69	6.20252e-07	4.97988e-09	0.0	 
2599.02	2.24829e-07	2.55372e-09	0.0	 
3814.84	7.97951e-08	1.12353e-09	0.0	 
5599.42	2.8237e-08	6.68857e-10	0.0	 
8218.83	9.53064e-09	2.93766e-10	0.0	 
13208.3	2.64657e-09	9.84781e-11	0.0	 
23488	6.60865e-10	4.03645e-11	0.0	 
41768.3	1.90853e-10	1.52582e-11	0.0	 
74275.7	5.39488e-11	6.19057e-12	0.0	 
132083	1.17599e-11	1.88845e-12	0.0	 
234880	3.68894e-12	9.68371e-13	0.0	 
417683	9.79464e-13	3.79731e-13	0.0	 
742757	0	0	0.0	 
