120.636	0	0	0.0	 
177.069	0.000182674	3.40994e-06	0.0	 
259.902	8.00288e-05	4.52403e-07	0.0	 
381.484	3.1943e-05	8.62331e-08	0.0	 
559.942	1.23245e-05	4.56577e-08	0.0	 
821.883	4.60501e-06	2.1363e-08	0.0	 
1206.36	1.69823e-06	1.0422e-08	0.0	 
1770.69	6.31172e-07	5.08703e-09	0.0	 
2599.02	2.31389e-07	2.32593e-09	0.0	 
3814.84	8.1646e-08	1.10287e-09	0.0	 
5599.42	2.91134e-08	5.41799e-10	0.0	 
8218.83	9.99014e-09	2.47732e-10	0.0	 
12063.6	3.62475e-09	1.27218e-10	0.0	 
17706.9	1.5527e-09	8.09095e-11	0.0	 
25990.2	6.1836e-10	4.03174e-11	0.0	 
38148.4	2.44132e-10	2.03694e-11	0.0	 
55994.2	1.04828e-10	1.06493e-11	0.0	 
82188.3	4.24401e-11	5.82742e-12	0.0	 
120636	1.39151e-11	2.59576e-12	0.0	 
177069	5.66499e-12	1.38877e-12	0.0	 
259902	3.19342e-12	1.00534e-12	0.0	 
381484	1.00564e-12	4.18466e-13	0.0	 
559942	1.71605e-13	1.00153e-13	0.0	 
821883	2.42167e-13	2.33019e-13	0.0	 
