120.636	0	0	0.0	 
177.069	0.000180876	3.31461e-06	0.0	 
259.902	7.9933e-05	4.34069e-07	0.0	 
381.484	3.20397e-05	8.4336e-08	0.0	 
559.942	1.23843e-05	4.40587e-08	0.0	 
821.883	4.61631e-06	2.07634e-08	0.0	 
1206.36	1.68553e-06	9.5978e-09	0.0	 
1770.69	6.1445e-07	4.97431e-09	0.0	 
2599.02	2.20982e-07	2.56316e-09	0.0	 
3814.84	7.67814e-08	1.12355e-09	0.0	 
5599.42	2.61906e-08	6.72381e-10	0.0	 
8218.83	8.83488e-09	2.79735e-10	0.0	 
13208.3	2.49844e-09	1.02564e-10	0.0	 
23488	6.02704e-10	3.6611e-11	0.0	 
41768.3	1.65534e-10	1.53634e-11	0.0	 
74275.7	4.66377e-11	5.49831e-12	0.0	 
132083	1.20895e-11	1.96516e-12	0.0	 
234880	4.35502e-12	9.82067e-13	0.0	 
417683	1.43967e-12	4.2887e-13	0.0	 
742757	0	0	0.0	 
