120.636	0	0	0.0	 
177.069	0.000184488	3.22505e-06	0.0	 
259.902	8.28258e-05	4.36573e-07	0.0	 
381.484	3.34685e-05	8.34759e-08	0.0	 
559.942	1.30513e-05	4.41716e-08	0.0	 
821.883	4.91761e-06	2.0714e-08	0.0	 
1206.36	1.82146e-06	1.02433e-08	0.0	 
1770.69	6.82146e-07	5.02005e-09	0.0	 
2599.02	2.5035e-07	2.46241e-09	0.0	 
3814.84	8.90092e-08	1.21061e-09	0.0	 
5599.42	3.25598e-08	6.09595e-10	0.0	 
8218.83	1.18842e-08	3.27306e-10	0.0	 
13208.3	3.61324e-09	1.26145e-10	0.0	 
23488	8.91004e-10	4.76841e-11	0.0	 
41768.3	2.44588e-10	1.98287e-11	0.0	 
74275.7	6.91346e-11	6.99157e-12	0.0	 
132083	1.78716e-11	2.40488e-12	0.0	 
234880	6.40723e-12	1.19452e-12	0.0	 
417683	1.84282e-12	4.54417e-13	0.0	 
742757	0	0	0.0	 
