105.884	0	0	0.0	 
118.804	0	0	0.0	 
133.301	0	0	0.0	 
149.566	0	0	0.0	 
167.816	0	0	0.0	 
188.292	9.1734e-05	1.76169e-06	0.0	 
211.267	0.000116412	1.94483e-06	0.0	 
237.046	0.000102804	1.24976e-06	0.0	 
265.97	7.86525e-05	5.75008e-07	0.0	 
298.423	5.85679e-05	3.03615e-07	0.0	 
334.836	4.45521e-05	2.10717e-07	0.0	 
375.692	3.44173e-05	1.9796e-07	0.0	 
421.534	2.63421e-05	1.50999e-07	0.0	 
472.968	1.96491e-05	9.86132e-08	0.0	 
530.679	1.4411e-05	9.21088e-08	0.0	 
595.432	1.06802e-05	7.89206e-08	0.0	 
668.086	8.09804e-06	6.29348e-08	0.0	 
749.604	6.18051e-06	5.10318e-08	0.0	 
841.07	4.6346e-06	3.72595e-08	0.0	 
943.696	3.40021e-06	3.11153e-08	0.0	 
1058.84	2.47326e-06	2.48276e-08	0.0	 
1188.04	1.80046e-06	1.89804e-08	0.0	 
1333.01	1.32459e-06	1.51508e-08	0.0	 
1495.66	9.95969e-07	1.35061e-08	0.0	 
1678.16	7.6199e-07	1.1551e-08	0.0	 
1882.92	5.80792e-07	9.26785e-09	0.0	 
2112.67	4.34864e-07	7.28071e-09	0.0	 
2370.46	3.18267e-07	5.9276e-09	0.0	 
2659.7	2.26889e-07	4.78021e-09	0.0	 
2984.23	1.59888e-07	3.80166e-09	0.0	 
3348.36	1.15309e-07	3.1286e-09	0.0	 
3756.92	8.67163e-08	2.44534e-09	0.0	 
4215.34	6.72368e-08	1.98657e-09	0.0	 
4729.68	5.21464e-08	1.65124e-09	0.0	 
5306.79	3.92642e-08	1.35786e-09	0.0	 
5954.32	2.85051e-08	1.06776e-09	0.0	 
6680.86	2.01158e-08	8.53449e-10	0.0	 
7496.04	1.3964e-08	6.99927e-10	0.0	 
8410.7	9.74507e-09	5.52072e-10	0.0	 
9436.96	6.97115e-09	4.36462e-10	0.0	 
10588.4	5.19341e-09	3.60699e-10	0.0	 
11880.4	4.0747e-09	2.92354e-10	0.0	 
13330.1	3.40087e-09	2.43522e-10	0.0	 
14956.6	2.87051e-09	2.1073e-10	0.0	 
16781.6	2.28224e-09	1.77679e-10	0.0	 
18829.2	1.67978e-09	1.45356e-10	0.0	 
21126.7	1.13307e-09	1.11839e-10	0.0	 
23704.6	7.27154e-10	8.69713e-11	0.0	 
26597	4.94686e-10	6.98711e-11	0.0	 
29842.3	3.79388e-10	5.85214e-11	0.0	 
33483.6	3.2132e-10	5.16153e-11	0.0	 
37569.2	2.8479e-10	4.38888e-11	0.0	 
42153.4	2.5192e-10	3.77553e-11	0.0	 
47296.8	2.07671e-10	3.26628e-11	0.0	 
53067.9	1.62909e-10	2.72996e-11	0.0	 
59543.2	1.22664e-10	2.21381e-11	0.0	 
66808.6	9.29474e-11	1.82483e-11	0.0	 
74960.4	7.56451e-11	1.57774e-11	0.0	 
84107	6.18751e-11	1.29794e-11	0.0	 
94369.6	4.67676e-11	1.03137e-11	0.0	 
105884	3.06393e-11	8.0635e-12	0.0	 
118804	1.6916e-11	5.78806e-12	0.0	 
133301	7.06566e-12	3.75448e-12	0.0	 
149566	1.90566e-12	2.44256e-12	0.0	 
167816	6.23198e-13	2.03163e-12	0.0	 
188292	1.54579e-12	2.28521e-12	0.0	 
211267	3.88454e-12	2.6193e-12	0.0	 
237046	6.55808e-12	2.48498e-12	0.0	 
265970	7.74191e-12	2.28579e-12	0.0	 
298423	6.1923e-12	2.01795e-12	0.0	 
334836	3.59746e-12	1.54531e-12	0.0	 
375692	1.2578e-12	9.25205e-13	0.0	 
421534	2.47766e-13	3.55677e-13	0.0	 
472968	6.58659e-15	7.20875e-14	0.0	 
530679	0	3.15472e-15	0.0	 
595432	0	2.84247e-17	0.0	 
668086	6.33968e-15	9.11146e-15	0.0	 
749604	1.04455e-13	1.03582e-13	0.0	 
841070	3.41092e-13	3.42872e-13	0.0	 
943696	5.0113e-13	5.08978e-13	0.0	 
