120.636	0	0	0.0	 
177.069	0.00018248	3.33152e-06	0.0	 
259.902	8.09632e-05	4.54118e-07	0.0	 
381.484	3.25673e-05	8.77472e-08	0.0	 
559.942	1.26823e-05	4.55274e-08	0.0	 
821.883	4.77854e-06	2.14965e-08	0.0	 
1206.36	1.76341e-06	1.06478e-08	0.0	 
1770.69	6.54986e-07	5.25891e-09	0.0	 
2599.02	2.41334e-07	2.57342e-09	0.0	 
3814.84	8.65298e-08	1.258e-09	0.0	 
5599.42	3.16237e-08	6.2059e-10	0.0	 
8218.83	1.13255e-08	3.43531e-10	0.0	 
13208.3	3.32964e-09	1.20394e-10	0.0	 
23488	8.33879e-10	4.90362e-11	0.0	 
41768.3	2.41796e-10	1.75862e-11	0.0	 
74275.7	6.9407e-11	7.23074e-12	0.0	 
132083	1.5077e-11	2.13026e-12	0.0	 
234880	4.682e-12	1.0879e-12	0.0	 
417683	1.17535e-12	4.09125e-13	0.0	 
742757	0	0	0.0	 
