120.636	0	0	0.0	 
177.069	0.000181977	3.27574e-06	0.0	 
259.902	8.01633e-05	4.40891e-07	0.0	 
381.484	3.20613e-05	8.26079e-08	0.0	 
559.942	1.23689e-05	4.4046e-08	0.0	 
821.883	4.61217e-06	1.99483e-08	0.0	 
1206.36	1.70718e-06	9.49781e-09	0.0	 
1770.69	6.39383e-07	4.69743e-09	0.0	 
2599.02	2.32693e-07	2.5435e-09	0.0	 
3814.84	8.12946e-08	1.01121e-09	0.0	 
5599.42	2.88541e-08	6.00868e-10	0.0	 
8218.83	9.92542e-09	2.77235e-10	0.0	 
13208.3	2.82082e-09	1.00231e-10	0.0	 
23488	6.83123e-10	3.8727e-11	0.0	 
41768.3	1.71006e-10	1.81048e-11	0.0	 
74275.7	3.71269e-11	4.2615e-12	0.0	 
132083	1.28384e-11	2.16534e-12	0.0	 
234880	6.52167e-12	1.15999e-12	0.0	 
417683	1.91061e-12	4.57173e-13	0.0	 
742757	0	0	0.0	 
