120.636	0	0	0.0	 
177.069	0.000187148	3.05944e-06	0.0	 
259.902	8.24257e-05	4.3439e-07	0.0	 
381.484	3.30198e-05	8.12254e-08	0.0	 
559.942	1.28915e-05	4.45036e-08	0.0	 
821.883	4.93284e-06	2.04951e-08	0.0	 
1206.36	1.87099e-06	1.02757e-08	0.0	 
1770.69	7.17041e-07	5.35058e-09	0.0	 
2599.02	2.71597e-07	2.64025e-09	0.0	 
3814.84	9.96746e-08	1.29237e-09	0.0	 
5599.42	3.69344e-08	6.37792e-10	0.0	 
8218.83	1.33445e-08	3.27728e-10	0.0	 
12063.6	5.03339e-09	1.59976e-10	0.0	 
17706.9	1.92546e-09	8.32197e-11	0.0	 
25990.2	7.09746e-10	3.92929e-11	0.0	 
38148.4	3.05977e-10	2.26886e-11	0.0	 
55994.2	1.46097e-10	1.17551e-11	0.0	 
82188.3	6.30404e-11	6.8581e-12	0.0	 
120636	2.19643e-11	3.16753e-12	0.0	 
177069	9.22105e-12	1.70339e-12	0.0	 
259902	4.84537e-12	1.12446e-12	0.0	 
381484	1.55436e-12	5.05959e-13	0.0	 
559942	2.89872e-13	1.51412e-13	0.0	 
821883	2.21789e-13	2.05388e-13	0.0	 
