120.636	0	0	0.0	 
177.069	0.000188942	3.2939e-06	0.0	 
259.902	8.37928e-05	4.43167e-07	0.0	 
381.484	3.36767e-05	8.52076e-08	0.0	 
559.942	1.30888e-05	4.50886e-08	0.0	 
821.883	4.92117e-06	2.09111e-08	0.0	 
1206.36	1.81805e-06	1.03922e-08	0.0	 
1770.69	6.78551e-07	5.15242e-09	0.0	 
2599.02	2.48969e-07	2.48181e-09	0.0	 
3814.84	8.85814e-08	1.19017e-09	0.0	 
5599.42	3.25013e-08	6.06982e-10	0.0	 
8218.83	1.1818e-08	3.04813e-10	0.0	 
12063.6	4.40929e-09	1.55515e-10	0.0	 
17706.9	1.72678e-09	8.18932e-11	0.0	 
25990.2	6.6168e-10	3.9139e-11	0.0	 
38148.4	2.93111e-10	2.19255e-11	0.0	 
55994.2	1.38466e-10	1.13115e-11	0.0	 
82188.3	5.61771e-11	6.13162e-12	0.0	 
120636	1.84777e-11	2.67042e-12	0.0	 
177069	7.32742e-12	1.49244e-12	0.0	 
259902	3.94523e-12	9.93461e-13	0.0	 
381484	1.48959e-12	5.03492e-13	0.0	 
559942	3.47685e-13	1.84486e-13	0.0	 
821883	2.23869e-13	1.99555e-13	0.0	 
