120.636	0	0	0.0	 
177.069	0.00020608	3.59794e-06	0.0	 
259.902	9.20843e-05	4.83215e-07	0.0	 
381.484	3.71335e-05	9.29483e-08	0.0	 
559.942	1.44542e-05	4.88765e-08	0.0	 
821.883	5.43079e-06	2.27544e-08	0.0	 
1206.36	2.00259e-06	1.13434e-08	0.0	 
1770.69	7.46644e-07	5.5243e-09	0.0	 
2599.02	2.74003e-07	2.71314e-09	0.0	 
3814.84	9.77094e-08	1.32482e-09	0.0	 
5599.42	3.58688e-08	6.95112e-10	0.0	 
8218.83	1.28899e-08	3.75276e-10	0.0	 
12063.6	4.76662e-09	2.79072e-10	0.0	 
17706.9	1.92051e-09	9.99001e-11	0.0	 
25990.2	8.17657e-10	1.44096e-10	0.0	 
38148.4	4.15154e-10	5.00336e-11	0.0	 
55994.2	1.76878e-10	2.0263e-11	0.0	 
82188.3	5.41724e-11	2.75951e-11	0.0	 
120636	1.90494e-11	5.77231e-12	0.0	 
177069	4.64454e-12	1.37491e-12	0.0	 
259902	1.05458e-12	0	0.0	 
381484	1.60912e-13	3.84045e-13	0.0	 
559942	3.58877e-15	3.16249e-13	0.0	 
821883	0	2.68238e-13	0.0	 
