120.636	0	0	0.0	 
177.069	0.000185383	3.39264e-06	0.0	 
259.902	8.21153e-05	4.55382e-07	0.0	 
381.484	3.29895e-05	8.85448e-08	0.0	 
559.942	1.28162e-05	4.63319e-08	0.0	 
821.883	4.81367e-06	2.18914e-08	0.0	 
1206.36	1.77337e-06	1.07548e-08	0.0	 
1770.69	6.57873e-07	5.36928e-09	0.0	 
2599.02	2.4198e-07	2.57002e-09	0.0	 
3814.84	8.65877e-08	1.21503e-09	0.0	 
5599.42	3.15713e-08	6.12512e-10	0.0	 
8218.83	1.12889e-08	3.06749e-10	0.0	 
12063.6	4.20288e-09	1.57036e-10	0.0	 
17706.9	1.67732e-09	8.35712e-11	0.0	 
25990.2	6.50755e-10	4.07255e-11	0.0	 
38148.4	2.87619e-10	2.25201e-11	0.0	 
55994.2	1.34393e-10	1.17455e-11	0.0	 
82188.3	5.4917e-11	6.57004e-12	0.0	 
120636	1.79662e-11	2.88553e-12	0.0	 
177069	7.27987e-12	1.54204e-12	0.0	 
259902	4.12321e-12	1.12737e-12	0.0	 
381484	1.30589e-12	4.86285e-13	0.0	 
559942	2.10343e-13	1.16466e-13	0.0	 
821883	2.60888e-13	2.49132e-13	0.0	 
