120.636	0	0	0.0	 
177.069	0.000202861	3.51268e-06	0.0	 
259.902	9.07914e-05	4.77127e-07	0.0	 
381.484	3.6658e-05	9.14806e-08	0.0	 
559.942	1.43031e-05	4.85287e-08	0.0	 
821.883	5.39116e-06	2.25891e-08	0.0	 
1206.36	1.99137e-06	1.13231e-08	0.0	 
1770.69	7.43399e-07	5.54249e-09	0.0	 
2599.02	2.7328e-07	2.71006e-09	0.0	 
3814.84	9.76063e-08	1.33451e-09	0.0	 
5599.42	3.58697e-08	6.97436e-10	0.0	 
8218.83	1.28965e-08	3.77087e-10	0.0	 
12063.6	4.76846e-09	2.82375e-10	0.0	 
17706.9	1.92328e-09	1.00207e-10	0.0	 
25990.2	8.20947e-10	1.46242e-10	0.0	 
38148.4	4.17051e-10	5.0748e-11	0.0	 
55994.2	1.77485e-10	2.0369e-11	0.0	 
82188.3	5.4302e-11	2.8265e-11	0.0	 
120636	1.91078e-11	5.83382e-12	0.0	 
177069	4.69177e-12	1.40229e-12	0.0	 
259902	1.06173e-12	0	0.0	 
381484	1.60371e-13	3.94151e-13	0.0	 
559942	3.45754e-15	3.27305e-13	0.0	 
821883	0	2.81332e-13	0.0	 
