120.636	0	0	0.0	 
177.069	0.000202861	3.51277e-06	0.0	 
259.902	9.07914e-05	4.77137e-07	0.0	 
381.484	3.6658e-05	9.14614e-08	0.0	 
559.942	1.43031e-05	4.84902e-08	0.0	 
821.883	5.39116e-06	2.25358e-08	0.0	 
1206.36	1.99137e-06	1.13165e-08	0.0	 
1770.69	7.434e-07	5.50117e-09	0.0	 
2599.02	2.7328e-07	2.70804e-09	0.0	 
3814.84	9.7606e-08	1.32301e-09	0.0	 
5599.42	3.58695e-08	6.89134e-10	0.0	 
8218.83	1.28966e-08	3.63909e-10	0.0	 
12063.6	4.76858e-09	2.59417e-10	0.0	 
17706.9	1.9233e-09	9.88312e-11	0.0	 
25990.2	8.20926e-10	1.34971e-10	0.0	 
38148.4	4.17045e-10	4.46271e-11	0.0	 
55994.2	1.77488e-10	2.04378e-11	0.0	 
82188.3	5.4303e-11	2.32686e-11	0.0	 
120636	1.91083e-11	5.23082e-12	0.0	 
177069	4.69106e-12	1.10439e-12	0.0	 
259902	1.06038e-12	0	0.0	 
381484	1.5979e-13	2.79627e-13	0.0	 
559942	3.41368e-15	2.62003e-13	0.0	 
821883	0	2.70341e-13	0.0	 
