120.636	0	0	0.0	 
177.069	0.000185379	3.39213e-06	0.0	 
259.902	8.2115e-05	4.55353e-07	0.0	 
381.484	3.29895e-05	8.85438e-08	0.0	 
559.942	1.28162e-05	4.63381e-08	0.0	 
821.883	4.81371e-06	2.18773e-08	0.0	 
1206.36	1.77343e-06	1.07652e-08	0.0	 
1770.69	6.57863e-07	5.37455e-09	0.0	 
2599.02	2.41911e-07	2.57155e-09	0.0	 
3814.84	8.65419e-08	1.21673e-09	0.0	 
5599.42	3.16414e-08	6.19304e-10	0.0	 
8218.83	1.13742e-08	3.10414e-10	0.0	 
12063.6	4.19039e-09	1.57162e-10	0.0	 
17706.9	1.63489e-09	8.9275e-11	0.0	 
25990.2	6.37064e-10	4.19067e-11	0.0	 
38148.4	2.90981e-10	2.28833e-11	0.0	 
55994.2	1.38827e-10	1.33178e-11	0.0	 
82188.3	5.55251e-11	7.06477e-12	0.0	 
132083	1.49251e-11	2.17973e-12	0.0	 
234880	5.52426e-12	1.38654e-12	0.0	 
417683	1.07238e-12	4.46873e-13	0.0	 
742757	2.26061e-13	1.94821e-13	0.0	 
