125.121	0	0	0.0	 
198.304	0.000117715	3.50218e-06	0.0	 
314.291	5.09844e-05	2.10744e-07	0.0	 
498.118	1.72131e-05	7.075e-08	0.0	 
789.463	5.40497e-06	2.30843e-08	0.0	 
1251.21	1.60523e-06	1.03863e-08	0.0	 
1983.04	4.51039e-07	3.96346e-09	0.0	 
3142.91	1.24437e-07	1.70128e-09	0.0	 
4981.18	3.52116e-08	6.88929e-10	0.0	 
7894.63	1.01484e-08	2.90017e-10	0.0	 
12512.1	3.04404e-09	1.20457e-10	0.0	 
19830.4	9.40998e-10	5.77891e-11	0.0	 
31429.1	2.63456e-10	2.12728e-11	0.0	 
49811.8	8.42557e-11	9.61851e-12	0.0	 
78946.3	4.89995e-11	8.25584e-12	0.0	 
