117.507	0	0	0.0	 
163.275	0	0	0.0	 
226.87	7.15413e-05	4.18473e-07	0.0	 
315.235	5.0375e-05	2.0174e-07	0.0	 
438.017	2.42149e-05	7.50115e-08	0.0	 
608.623	1.046e-05	4.51134e-08	0.0	 
845.679	4.5136e-06	2.36433e-08	0.0	 
1175.07	1.89933e-06	1.2497e-08	0.0	 
1632.75	7.66845e-07	6.75449e-09	0.0	 
2268.7	3.07147e-07	3.71373e-09	0.0	 
3152.35	1.23844e-07	1.9008e-09	0.0	 
4380.17	5.02911e-08	1.04559e-09	0.0	 
6086.23	2.04719e-08	5.62112e-10	0.0	 
8456.79	8.31965e-09	2.9136e-10	0.0	 
11750.7	3.54686e-09	1.56946e-10	0.0	 
16327.5	1.59124e-09	9.08256e-11	0.0	 
22687	6.65548e-10	4.71474e-11	0.0	 
31523.5	2.60895e-10	2.36872e-11	0.0	 
43801.7	1.14712e-10	1.4303e-11	0.0	 
60862.3	1.01921e-10	1.47136e-11	0.0	 
84567.9	0	0	0.0	 
