120.636	0	0	0.0	 
177.069	0.000179488	3.85992e-06	0.0	 
259.902	7.97561e-05	6.05063e-07	0.0	 
381.484	3.23541e-05	9.46042e-08	0.0	 
559.942	1.28006e-05	5.62069e-08	0.0	 
821.883	4.89051e-06	2.23677e-08	0.0	 
1206.36	1.77385e-06	1.16912e-08	0.0	 
1770.69	6.15393e-07	5.46532e-09	0.0	 
2599.02	2.11948e-07	2.64834e-09	0.0	 
3814.84	7.28005e-08	1.24705e-09	0.0	 
5599.42	2.5714e-08	6.21063e-10	0.0	 
8218.83	9.04894e-09	2.98773e-10	0.0	 
12063.6	3.36216e-09	1.42375e-10	0.0	 
17706.9	1.31257e-09	7.79665e-11	0.0	 
25990.2	4.60828e-10	3.66613e-11	0.0	 
38148.4	1.8079e-10	1.94528e-11	0.0	 
55994.2	7.65119e-11	1.01525e-11	0.0	 
82188.3	2.96419e-11	6.97799e-12	0.0	 
