120.636  100  146.78  0  0
177.069  146.78  215.443  0.00065151  6.85054e-06
259.902  215.443  316.228  0.000305399  1.04905e-06
381.484  316.228  464.159  0.000127148  1.78867e-07
559.942  464.159  681.292  5.0918e-05  1.00024e-07
821.883  681.292  1000  1.92892e-05  4.66736e-08
1206.36  1000  1467.8  7.00977e-06  2.42715e-08
1770.69  1467.8  2154.43  2.45039e-06  1.0318e-08
2599.02  2154.43  3162.28  8.52418e-07  6.30531e-09
3814.84  3162.28  4641.59  2.9439e-07  2.75178e-09
5599.42  4641.59  6812.92  1.03858e-07  1.27777e-09
8218.83  6812.92  10000  3.6403e-08  6.34362e-10
12063.6  10000  14678  1.33877e-08  2.91749e-10
17706.9  14678  21544.3  5.36326e-09  1.61754e-10
25990.2  21544.3  31622.8  2.05273e-09  8.84551e-11
38148.4  31622.8  46415.9  7.9149e-10  4.43388e-11
55994.2  46415.9  68129.2  3.44042e-10  2.54189e-11
82188.3  68129.2  100000  1.54644e-10  1.42907e-11
120636  100000  146780  6.65834e-11  7.1871e-12
177069  146780  215443  2.56762e-11  3.93339e-12
259902  215443  316228  8.11692e-12  1.96127e-12
381484  316228  464159  2.82386e-12  9.27658e-13
559942  464159  681292  1.76334e-12  7.27209e-13
821883  681292  1e+06  1.50987e-12  8.18604e-13
