120.636  100  146.78  0  0
177.069  146.78  215.443  0.000591358  6.5999e-06
259.902  215.443  316.228  0.000259758  8.35108e-07
381.484  316.228  464.159  0.000103703  1.64113e-07
559.942  464.159  681.292  3.99028e-05  8.33945e-08
821.883  681.292  1000  1.48174e-05  3.77352e-08
1206.36  1000  1467.8  5.38397e-06  1.94014e-08
1770.69  1467.8  2154.43  1.93333e-06  8.86987e-09
2599.02  2154.43  3162.28  6.78912e-07  4.43877e-09
3814.84  3162.28  4641.59  2.31297e-07  2.36538e-09
5599.42  4641.59  6812.92  8.0947e-08  9.92046e-10
8218.83  6812.92  10000  2.83681e-08  5.06495e-10
12063.6  10000  14678  1.03973e-08  2.05662e-10
17706.9  14678  21544.3  4.12765e-09  1.24657e-10
25990.2  21544.3  31622.8  1.53595e-09  6.53708e-11
38148.4  31622.8  46415.9  5.79815e-10  3.2221e-11
55994.2  46415.9  68129.2  2.53806e-10  1.82259e-11
82188.3  68129.2  100000  1.11624e-10  9.80729e-12
120636  100000  146780  4.49926e-11  4.86256e-12
177069  146780  215443  1.61674e-11  2.45448e-12
259902  215443  316228  4.99545e-12  1.17592e-12
381484  316228  464159  1.7125e-12  5.85183e-13
559942  464159  681292  9.21591e-13  4.10566e-13
821883  681292  1e+06  6.36209e-13  3.93291e-13
