1 0.0528575 0.00369129 6.00373 0.000999951 7.36431e-10 9.49623e-12 0.131599 0.00344838 1.03208
2 0.055063 0.00469821 6.01576 0.00108318 2.64952e-10 4.41397e-12 0.135891 0.00410531 0.954419
3 0.054879 0.0114309 6.0277 0.00181259 9.37051e-11 3.27529e-12 0.14184 0.0116811 0.867039
4 0.0597845 0.00500734 6.04424 0.00158261 3.27558e-11 5.24681e-13 0.139117 0.00491494 0.741758
5 0.0665973 0.00196854 6.06162 0.00127853 1.15268e-11 7.5269e-14 0.134384 0.00210805 0.951949
6 0.0790146 0.00327724 6.08845 0.00138701 6.04575e-12 5.35602e-14 0.137868 0.00415268 1.16036
7 0.119226 0.0133559 6.12387 0.00662058 2.68841e-12 9.13437e-14 0.117161 0.0208121 0.966393
8 0.136007 0.0102124 6.15991 0.0042024 9.04741e-13 2.18578e-14 0.12366 0.0146684 1.01394
9 0.204283 0.00963483 6.24676 0.00685659 4.6738e-13 9.90859e-15 0.0855628 0.0214044 0.956804
10 0.268489 0.00735067 6.40103 0.0109739 1.02508e-13 2.47527e-15 0.0858773 0.00944858 1.27971
