1 0.0468837 0.000282738 7.96828 1.85588e-05 4.79918e-10 1.36263e-12 0.120803 9.28842e-06 13.6326
1 0.114691 4.95565e-06 7.38701 0.00135112 1.5559e-09 3.00441e-13 0.160568 9.3217e-05 135.242
1 0.0373533 0.000933499 7.99501 0.00117332 5.06448e-10 2.48882e-12 0.160568 0.00088315 0.759013
1 0.0375746 0.00142762 7.99533 0.00127198 5.09847e-10 1.34925e-11 0.162611 0.00232323 0.757128
1 0.0619859 0.000520824 7.98687 0.000796552 5.09847e-10 8.78671e-14 0.117884 5.31195e-05 3.22678
1 0.0406119 0.000572767 7.99354 0.000933686 5.09847e-10 8.79662e-13 0.157178 0.000480859 0.790375
1 0.0438454 0.00153346 7.99194 0.00113971 5.19451e-10 4.21479e-12 0.157178 0.00456202 0.75844
1 0.0375734 0.00142882 7.99533 0.00127266 5.09847e-10 1.34685e-11 0.162614 0.0023246 0.757128
1 0.0537235 0.00786335 7.99377 0.00163942 5.23136e-10 1.01807e-11 0.141747 0.00961082 0.733065
1 0.0286284 2.69579e-05 8.00112 0.000669034 4.64696e-10 3.42705e-14 0.165473 0.000608045 2.43578
1 0.0299126 0.000472811 8.00059 0.000164093 4.88864e-10 1.18484e-13 0.167106 0.000853334 0.936932
1 0.0318799 0.00138315 7.99962 0.00164276 4.99523e-10 2.082e-12 0.165939 0.00160081 0.782467
1 0.0299126 0.000472811 8.00059 0.000164093 4.88864e-10 1.18484e-13 0.167106 0.000853334 0.936932
2 0.0256199 7.11495e-05 8.02716 0.00065328 1.70515e-10 1.82018e-14 0.175858 0.000688786 1.98468
2 0.0358466 0.00175617 8.01638 0.0018503 1.82452e-10 9.19149e-13 0.16829 0.00187587 1.08924
3 0.0452844 0.00262664 8.02713 0.00215626 6.60864e-11 5.00273e-13 0.163196 0.00270407 1.29626
4 0.0550209 0.00375935 8.039 0.00230886 2.37967e-11 2.59256e-13 0.160249 0.00366906 1.04721
5 0.0671249 0.00460329 8.06276 0.00194219 8.55259e-12 1.15182e-13 0.157769 0.00422237 1.0214
6 0.0953723 0.00607939 8.08983 0.00171553 5.15619e-12 9.23778e-14 0.147511 0.00558822 1.21351
6 0.0790468 0.00416503 8.08866 0.0017933 4.903e-12 5.47756e-14 0.159842 0.00422528 1.26026
6 0.0751747 0.00502401 8.08917 0.00199841 4.87191e-12 5.91304e-14 0.165643 0.00580964 1.20212
7 0.104473 0.00781468 8.12127 0.00214939 2.09843e-12 4.02314e-14 0.155585 0.00893019 2.24909
7 0.102287 0.00554847 8.12105 0.00198073 2.08723e-12 2.64989e-14 0.157772 0.00715662 2.14164
7 0.0975751 0.00689589 8.119 0.00257621 2.08149e-12 2.755e-14 0.167741 0.0106009 1.98522
8 0.152041 0.011795 8.16988 0.00593633 7.95304e-13 2.34315e-14 0.127282 0.0152691 2.15065
8 0.130393 0.0066467 8.16169 0.00248426 7.54361e-13 1.06885e-14 0.151474 0.009148 2.1724
8 0.109719 0.00909221 8.15561 0.00304914 7.39598e-13 1.1571e-14 0.192348 0.0133695 1.93463
9 0.160112 0.00360838 8.2118 0.00237113 3.51288e-13 2.44155e-15 0.168545 0.00746335 2.05015
9 0.152662 0.003531 8.21673 0.00225006 3.51688e-13 5.87624e-16 0.186064 0.00688871 2.0916
9 0.152662 0.003531 8.21673 0.00225006 3.51688e-13 5.87624e-16 0.186064 0.00688871 2.0916
9 0.129494 0.0140172 8.18954 0.00665715 3.63746e-13 1.01035e-14 0.262594 0.0243783 1.94728
10 0.0662516 0.000344976 8.38055 0.00496753 5.94411e-14 2.84774e-17 0.344052 0.00438787 3.20964
10 0.0592578 0.000280679 8.45371 0.00504875 6.04522e-14 1.162e-17 0.40582 0.00457659 6.60234
10 0.218509 0.0155737 8.36284 0.00847242 8.67175e-14 1.19669e-15 0.29987 0.0294846 1.02762
