1 0.375396 0.0036773 13.36 0.0133489 62025.4 254.176 1.0453 0.0118501 241.117
1 0.155132 0.0212992 11.0316 0.00778407 3295.82 113.069 0.241457 0.025381 1.92977
1 0.155114 0.0212649 11.0315 0.00776985 3295.71 112.897 0.241476 0.0253387 1.92977
1 0.107042 0.151573 11.0333 0.0195238 2829.12 1145.76 0.248638 0.165908 0.761817
1 0.163497 0.034824 11.0534 0.0244014 3134.81 189.197 0.186778 0.0520728 0.898114
1 0.125598 0.0344879 11.0295 0.00678843 3033.07 183.631 0.251041 0.0357872 1.24369
2 0.0725439 0.170958 11.0562 0.0410705 1173.95 122.805 0.353942 0.0498225 2.43544
2 0.0722895 0.173781 11.0563 0.0428022 1173.49 127.095 0.354131 0.0513795 2.43544
2 0.0723785 0.173382 11.0563 0.0425584 1173.66 126.697 0.354065 0.0512053 2.43544
2 0.0431024 0.1545 11.0841 0.00452769 910.75 23.7409 0.281539 0.0108992 0.831052
2 0.0883884 0.103474 11.069 0.00727551 976.136 190.266 0.236758 0.133583 0.843739
3 0.0714112 0.191205 11.0646 0.0113874 497.547 23.9598 0.443345 0.0305121 1.42797
3 0.105134 0.162354 11.0623 0.0656345 478.599 158.893 0.365952 0.292867 1.24232
4 0.102544 0.239183 11.047 0.0371931 234.459 37.2965 0.601603 0.123655 1.14963
5 0.121795 0.475926 10.8571 0.346696 191.622 116.373 0.836989 0.47772 0.911939
6 0.430157 0.167068 9.78365 6.65461 152.397 22.5643 0.799343 0.574546 0.667306
6 0.0935497 0.151908 10.9907 0.232856 39.1197 22.7016 0.372977 0.153119 0.741855
7 0.103223 0.0894143 7.45412 5.70919 1374.8 1082.08 0.295369 0.173884 0.92499
7 0.113883 0.12403 7.47356 5.9738 1216.7 651.538 0.317828 0.182637 0.92494
7 0.285123 0.0360181 6.04692 4.55647 881.784 560.792 0.525141 0.368515 1.06357
8 0.0243137 0.033581 8.26103 1.62683 685.309 495.188 0.103469 0.048016 1.01659
9 0.0695823 0.0463959 8.89111 0.337285 80.8365 278.842 0.126128 0.0509179 1.2579
