1 0.0295567 0.000128055 8.45708 0.00051445 8.39064e-10 1.84298e-14 0.063917 1.47298e-06 55.8263
1 0.0508371 0.000667818 8.51557 0.00168294 7.58193e-10 8.12344e-12 0.0500398 0.000604654 2.15557
1 0.0560554 0.000497037 8.45259 0.0004734 1.01116e-09 3.53225e-12 0.092615 2.69307e-05 5.99882
1 0.056441 0.000357505 8.45508 0.000500759 9.52697e-10 2.95498e-12 0.0701795 1.63268e-05 17.2767
1 0.0577714 0.000418804 8.45174 0.000479934 9.9179e-10 3.17073e-12 0.0812576 1.88334e-05 11.4407
1 0.0577715 0.000418816 8.45174 0.000479934 9.91791e-10 3.17084e-12 0.0812576 1.88339e-05 11.4407
1 0.0577715 0.000418816 8.45174 0.000479934 9.91791e-10 3.17084e-12 0.0812576 1.88339e-05 11.4407
1 0.0577715 0.000418816 8.45174 0.000479934 9.91791e-10 3.17084e-12 0.0812576 1.88339e-05 11.4407
1 0.0455492 0.000428933 8.45566 0.000505915 9.64395e-10 3.10618e-12 0.0993148 2.97096e-05 4.58139
1 0.0271469 0.00106199 8.4682 0.0011327 9.21733e-10 3.79112e-12 0.124581 0.00125788 0.925274
1 0.0271478 0.00106188 8.4682 0.00113251 9.21739e-10 3.79085e-12 0.12458 0.00125777 0.925274
1 0.027666 0.00150798 8.46775 0.00140655 9.23342e-10 5.30191e-12 0.124092 0.0015495 0.87093
1 0.027332 0.000984403 8.46811 0.00109563 9.21882e-10 3.75267e-12 0.124246 0.00106555 0.931854
1 0.0271478 0.00106188 8.4682 0.00113251 9.21739e-10 3.79085e-12 0.12458 0.00125777 0.925274
1 0.0291708 0.00037418 8.46477 8.73218e-05 9.25033e-10 2.66888e-12 0.12186 0.000567723 1.10979
2 0.0327074 0.00195035 8.49568 0.00146664 3.43951e-10 2.73451e-12 0.125993 0.00161217 1.23043
2 0.0300034 0.00101521 8.4975 0.00110021 3.40165e-10 1.39214e-12 0.127892 0.00108546 1.23466
3 0.0354192 0.00173839 8.51956 0.00152264 1.2415e-10 8.31781e-13 0.129026 0.00168767 0.9756
3 0.0365521 0.0019885 8.5188 0.00154519 1.245e-10 8.63027e-13 0.127465 0.00226851 0.82912
3 0.0321769 0.00118485 8.52174 0.00131356 1.22705e-10 5.61135e-13 0.131499 0.00166241 0.919821
3 0.0328343 0.000586467 8.52126 0.00248373 1.22777e-10 4.92002e-13 0.130308 0.00089113 0.98219
4 0.0467638 0.00274984 8.53801 0.00156612 4.55495e-11 4.76735e-13 0.126842 0.00246683 1.01369
4 0.0450666 0.00175031 8.5385 0.00142875 4.50857e-11 2.96428e-13 0.126125 0.00203295 0.910707
5 0.0417982 0.00143339 8.57382 0.00154624 3.073e-11 2.54032e-14 0.141308 0.00180568 1.47389
5 0.0510385 0.00136042 8.56901 0.00129688 3.18265e-11 1.2594e-13 0.131593 0.00202607 1.03237
6 0.0323279 0.00179923 8.62389 0.00245379 1.03955e-11 3.47538e-15 0.165924 0.00234655 3.43073
6 0.0524616 0.00197755 8.60761 0.0016129 1.1171e-11 5.68724e-15 0.149342 0.00356175 1.40537
6 0.0456666 0.00177123 8.61258 0.00186449 1.07819e-11 3.04017e-15 0.155734 0.00283538 2.58327
6 0.0612761 0.00207025 8.60374 0.0014665 1.16171e-11 7.19442e-14 0.13915 0.00303998 0.896597
6 0.0623637 0.00192914 8.60364 0.00143455 1.16239e-11 7.17577e-14 0.136712 0.00256726 0.931848
7 0.0759812 0.00701065 8.65057 0.00183376 4.05234e-12 9.59464e-14 0.146295 0.00548288 2.48711
7 0.0927768 0.00337619 8.65172 0.00155587 4.25833e-12 4.12195e-14 0.128122 0.0042265 1.95473
7 0.0870393 0.00269971 8.6516 0.00161328 4.19134e-12 3.25334e-14 0.13381 0.00366556 1.99183
7 0.0870393 0.00269971 8.6516 0.00161328 4.19134e-12 3.25334e-14 0.13381 0.00366556 1.99183
7 0.0870393 0.00269971 8.6516 0.00161328 4.19134e-12 3.25334e-14 0.13381 0.00366556 1.99183
7 0.0872116 0.0028445 8.6516 0.00161093 4.19196e-12 3.26956e-14 0.133417 0.00421093 2.06058
7 0.087213 0.00284483 8.6516 0.00161098 4.19194e-12 3.26976e-14 0.133417 0.0042114 2.06058
7 0.0853707 0.00239252 8.65173 0.00163407 4.17307e-12 2.84747e-14 0.135501 0.00380851 1.99275
7 0.0853516 0.00228416 8.65173 0.00163359 4.17304e-12 2.84467e-14 0.135552 0.00333105 1.93335
8 0.131763 0.00726577 8.72412 0.00322657 2.16322e-12 3.97517e-14 0.120131 0.0102913 1.82335
8 0.116963 0.00452115 8.71904 0.00198151 2.08105e-12 2.1367e-14 0.137028 0.00702178 1.96047
9 0.174182 0.00541565 8.83732 0.00321118 1.06687e-12 1.37838e-14 0.138995 0.00621459 2.47331
9 0.174182 0.00541565 8.83732 0.00321118 1.06687e-12 1.37838e-14 0.138995 0.00621459 2.47331
9 0.162159 0.00474649 8.82955 0.00216698 1.03431e-12 9.27343e-15 0.148976 0.00774257 2.18007
8 0.116963 0.00452115 8.71904 0.00198151 2.08105e-12 2.1367e-14 0.137028 0.00702178 1.96047
9 0.150468 0.00367121 8.82665 0.00191279 1.01204e-12 6.78543e-15 0.164041 0.00637157 2.06929
10 0.258786 0.0238218 9.11867 0.0220954 1.26746e-13 7.26663e-15 0.176148 0.019513 1.60838
10 0.268676 0.00497113 9.1405 0.00359174 1.33357e-13 4.03891e-16 0.177093 0.012354 1.59966
10 0.266304 0.00492693 9.14185 0.00338823 1.33689e-13 4.81735e-16 0.184229 0.0118387 1.57592
10 0.236008 0.0064627 9.1323 0.00333927 1.2915e-13 9.91668e-16 0.228644 0.0120096 1.82877
10 0.249146 0.00690578 9.1352 0.00343592 1.31135e-13 1.08527e-15 0.20943 0.0131457 1.69274
9 0.150467 0.00366677 8.82665 0.00191271 1.01204e-12 6.78087e-15 0.164042 0.00636396 2.06929
9 0.137598 0.00302035 8.8258 0.00199834 9.90807e-13 5.64236e-15 0.181023 0.00547851 2.2313
10 0.0610584 0.000521733 9.21381 0.000757796 8.95236e-14 1.00282e-17 0.43132 0.00378814 12.707
10 0.249146 0.00690578 9.1352 0.00343592 1.31135e-13 1.08527e-15 0.20943 0.0131457 1.69274
9 0.137606 0.00302056 8.8258 0.00199831 9.90802e-13 5.643e-15 0.181011 0.00547888 2.2313
1 0.0291776 0.00035527 8.46007 3.24768e-05 8.65786e-10 2.54541e-12 0.117053 0.000551038 2.253
1 0.0291775 0.000355269 8.46007 3.24744e-05 8.65788e-10 2.5454e-12 0.117054 0.000551051 2.253
1 0.0291775 0.000355269 8.46007 3.24744e-05 8.65788e-10 2.5454e-12 0.117054 0.000551051 2.253
1 0.0291775 0.000355269 8.46007 3.24744e-05 8.65788e-10 2.5454e-12 0.117054 0.000551051 2.253
1 0.0548292 0.000479139 8.45087 0.000473563 9.46391e-10 3.31067e-12 0.0893024 2.37589e-05 7.05414
1 0.0548972 0.000349521 8.44479 0.000471967 9.04345e-10 2.71837e-12 0.0757472 9.14467e-06 23.6862
1 0.0440172 0.000345862 8.45034 0.000481906 8.89635e-10 2.65927e-12 0.0925799 1.19648e-05 11.5682
1 0.0327253 0.000344517 8.45923 0.000518947 8.7122e-10 2.59906e-12 0.109413 2.30216e-05 3.59757
1 0.0291775 0.000355269 8.46007 3.24744e-05 8.65788e-10 2.5454e-12 0.117054 0.000551051 2.253
1 0.0291776 0.00035527 8.46007 3.24768e-05 8.65786e-10 2.54541e-12 0.117053 0.000551038 2.253
1 0.0248915 0.000374684 8.46815 0.00049954 8.59103e-10 2.62868e-12 0.122486 0.000535753 0.973732
2 0.0264851 0.000394166 8.49773 0.00120142 3.12173e-10 9.86471e-13 0.125558 0.000527273 1.33413
3 0.0326026 0.000528748 8.5126 6.12333e-05 1.11873e-10 4.56916e-13 0.122156 0.000839261 1.76567
4 0.0354577 0.00156431 8.53979 0.00165881 3.99425e-11 2.53822e-13 0.127613 0.00182201 1.06826
5 0.0406655 0.00161286 8.56987 0.00164367 2.83517e-11 1.71118e-13 0.134559 0.00211826 1.18707
6 0.0482761 0.00171709 8.6039 0.00163337 1.02462e-11 6.15707e-14 0.142094 0.00214814 1.22857
7 0.0642696 0.00201487 8.64896 0.00195149 3.60045e-12 2.43038e-14 0.145253 0.00283974 2.38497
7 0.0713595 0.00243442 8.64637 0.00183471 3.6664e-12 2.77607e-14 0.138091 0.00319715 2.15906
7 0.080863 0.00308496 8.64487 0.00164922 3.76516e-12 3.49425e-14 0.128943 0.00375948 2.05727
8 0.0933415 0.00411457 8.70576 0.00210858 1.78818e-12 1.74131e-14 0.151183 0.00597538 2.09837
9 0.0962372 0.00262579 8.80981 0.00252158 8.12199e-13 4.63276e-15 0.208013 0.00458594 3.14851
9 0.114669 0.00328129 8.80413 0.00217425 8.35562e-13 5.429e-15 0.184582 0.00536208 2.71467
10 0.196096 0.00576904 9.072 0.00338287 1.00253e-13 7.90798e-16 0.225205 0.0102956 1.85884
