1 0.0910516 2.33722e-07 7.49722 0.000255959 195175 3.91609 0.136577 2.85841e-06 16890.4
1 0.0761477 0.000110066 7.98285 0.000159404 62530.9 48.5557 0.0819464 1.16104e-06 1659.42
1 0.0760991 0.000122599 7.98749 0.000173921 62571.7 0.431391 0.0979816 2.29456e-06 785.921
1 0.0745745 0.000119346 7.95012 0.00015353 54625.2 0.0675466 0.123782 3.08356e-07 6044.68
1 0.0655283 0.000113132 7.96459 0.000149033 54921.2 0.0819983 0.122776 4.7933e-07 3773.28
1 0.0845589 0.000168685 7.96876 0.000168586 69889.2 60.2289 0.122776 1.3306e-06 896.852
1 0.0823538 0.000165682 7.97252 0.000167284 68984.3 59.8147 0.118443 1.72639e-06 678.486
1 0.0828236 0.000156246 7.9709 0.000164244 68665.8 57.4704 0.115041 1.44957e-06 841.134
1 0.0627964 0.00015646 7.97807 0.000169733 65844.7 55.0251 0.140605 2.27227e-06 296.633
1 0.0627964 0.00015646 7.97807 0.000169734 65844.8 55.0253 0.140605 2.27225e-06 296.633
1 0.0354772 0.000355542 7.99943 0.000419922 62378.3 64.7291 0.175491 0.000406722 11.7033
2 0.0971653 5.50484e-07 7.50272 0.000428552 73807.3 3.09921 0.136031 7.00183e-06 6975.17
2 0.0388084 0.000656578 8.01419 0.000705412 24652.5 45.4328 0.177896 0.000706559 7.24058
1 0.0364043 0.000377913 7.9977 0.000435495 79478.1 84.6597 0.180171 0.00041792 32.8517
1 0.0371523 0.000110076 7.99167 6.81706e-06 41368.9 32.6925 0.1658 0.000146657 23.9728
1 0.0429933 0.00196301 7.99232 0.00100095 42267.7 249.883 0.161981 0.00171526 0.772372
1 0.0390064 0.000269473 7.99426 0.000326288 41649.9 57.4777 0.164275 0.000183054 1.38857
1 0.0382366 0.00122083 7.99482 0.000843531 41632.8 135.986 0.165629 0.00121285 1.05865
2 0.0481064 0.0021103 8.00632 0.00100022 16726 99.2532 0.161124 0.00204171 0.989209
3 0.0527752 0.00289685 8.02025 0.001275 6315.32 50.069 0.160692 0.00293202 1.1705
4 0.0602232 0.00563413 8.03476 0.00181703 2346.5 37.2603 0.160838 0.00544096 1.25623
5 0.0755847 0.0106531 8.05627 0.00182788 1555.39 49.6637 0.153547 0.00998299 1.25346
5 0.0527111 0.00636007 8.05998 0.00360256 1449.02 23.5186 0.17141 0.00662631 1.35408
6 0.035496 0.0172776 8.10277 0.0154759 531.515 22.708 0.198148 0.0134792 0.775509
6 0.0407047 0.00505793 8.09878 0.00576179 537.496 12.3022 0.193399 0.0137785 0.693426
6 0.0308553 0.0178577 8.10589 0.00290213 529.292 6.08463 0.204946 0.00393754 0.589168
6 0.0354964 0.0173019 8.10277 0.0154876 531.516 22.7249 0.198148 0.0134891 0.775509
6 0.0471269 0.00831883 8.09483 0.0067104 549.8 10.7765 0.190281 0.0089541 0.9703
7 0.0314581 0.0252408 8.1303 0.0044086 210.192 3.29643 0.219027 0.00591437 2.05626
7 0.0564348 0.00659446 8.111 0.00739611 220.064 6.1348 0.193036 0.00662103 2.30759
7 0.0625463 0.00443637 8.10955 0.00598008 217.735 4.41442 0.174713 0.00233575 2.52101
7 0.0597375 0.0057819 8.10969 0.00689251 220.934 5.46953 0.188285 0.00572032 2.21876
6 0.0471269 0.00831885 8.09483 0.00671042 549.8 10.7765 0.190281 0.00895411 0.9703
7 0.104121 0.0371808 8.10835 0.0119487 251.132 20.2557 0.155918 0.0516762 1.85463
8 0.040179 0.0193318 8.17038 0.0218122 29.5859 1.43679 0.212949 0.0196561 0.925532
7 0.104121 0.0371801 8.10835 0.0119485 251.132 20.2553 0.155918 0.0516753 1.85463
7 0.0625476 0.00443643 8.10955 0.00598008 217.735 4.41445 0.174713 0.00233663 2.52101
7 0.046707 0.00413259 8.11459 0.00564601 215.08 3.85052 0.199598 0.00339666 2.01486
7 0.146069 0.0319747 8.12968 0.034463 277.502 18.2723 0.0940661 0.114274 1.83833
8 0.040179 0.0193318 8.17038 0.0218122 29.5859 1.43679 0.212949 0.0196561 0.925532
9 0.0530356 0.211232 8.24413 0.0241126 18.5431 1.29494 0.251569 0.0225167 0.984885
9 0.117144 0.0289448 8.21386 0.0107956 20.5199 1.32649 0.193326 0.0319425 1.06655
10 0.0943988 0.341665 8.29976 0.043256 2.60281 0.246849 0.307384 0.0566774 1.01501
10 0.094399 0.338067 8.29979 0.0432707 2.6023 0.254944 0.307314 0.0567085 1.01501
