1 0.019023 4.72191e-05 6.33804 8.02189e-06 9.09752e-10 2.75841e-15 0.0393055 3.36657e-07 495.629
1 0.0190231 4.72187e-05 6.33804 8.02052e-06 9.0976e-10 2.75836e-15 0.0393056 3.36652e-07 495.637
1 0.0225143 9.47805e-05 6.33767 0.000681923 4.37332e-10 1.4258e-12 0.0235834 1.47053e-06 283.18
1 0.059037 0.00063182 6.34295 0.000494343 1.04602e-09 4.90495e-12 0.0815544 0.000123402 2.52742
1 0.0562559 0.00036991 6.3401 0.000434019 9.88322e-10 3.02565e-12 0.0703112 2.41255e-05 12.0016
1 0.0473152 0.000387627 6.34088 0.000464079 9.69945e-10 3.02327e-12 0.0859359 3.30271e-05 6.08409
1 0.0445494 0.000685569 6.34268 0.000514839 9.92852e-10 4.94569e-12 0.0996776 0.000404701 1.25607
2 0.0476482 0.000484713 6.36283 0.000487523 3.52012e-10 1.23383e-12 0.0969647 7.01809e-05 2.54015
2 0.0429228 0.00338856 6.36561 0.00088278 3.52981e-10 5.17819e-12 0.108246 0.00307701 1.11883
3 0.046586 0.000822305 6.38569 0.000696385 1.25094e-10 6.79274e-13 0.109694 0.000621229 0.742688
4 0.0517044 0.00419809 6.41171 0.00119493 4.40769e-11 7.32118e-13 0.113692 0.00400596 0.846031
4 0.050161 0.000898633 6.41074 0.000870046 4.34794e-11 2.53634e-13 0.112412 0.000538146 1.09713
5 0.055104 0.00251934 6.43916 0.00144649 3.12493e-11 4.85256e-13 0.125996 0.00359459 0.848609
5 0.0620535 0.00306723 6.44095 0.00104937 3.14444e-11 3.44679e-13 0.112722 0.0033326 0.976053
6 0.0518695 0.00037507 6.46219 0.00121593 8.39688e-12 4.11335e-14 0.0719879 9.77472e-06 15.7355
6 0.0431626 0.00164448 6.48992 0.00178287 1.00645e-11 1.61696e-14 0.144857 0.00222132 1.84774
7 0.0308729 0.00131208 6.54049 0.00246321 3.07594e-12 9.77375e-15 0.169801 0.00356073 1.13831
8 0.0412479 0.000626513 6.57259 0.00416415 1.17845e-12 2.51943e-15 0.159091 0.0035419 2.67043
8 0.0350728 0.000213996 6.61486 0.00377051 1.18627e-12 6.18069e-16 0.178404 0.00321883 7.25905
8 0.0350728 0.000214096 6.61485 0.00377033 1.18627e-12 6.1813e-16 0.178398 0.00322051 7.25905
8 0.0574635 0.0295396 6.59869 0.0162812 1.6615e-12 1.17935e-13 0.227508 0.181975 0.863015
8 0.0922722 0.00886265 6.59184 0.00510204 1.77982e-12 6.26937e-14 0.1929 0.02875 0.876165
8 0.145592 0.0174306 6.61414 0.00961729 1.95621e-12 8.98443e-14 0.109721 0.0259549 1.00006
8 0.131804 0.012709 6.60705 0.00515479 1.88286e-12 5.64168e-14 0.126644 0.0184878 0.960628
9 0.250921 0.0245228 6.7966 0.038956 1.14932e-12 1.42861e-13 0.0573454 0.196713 0.791074
9 0.201757 0.0305264 6.73868 0.0242934 9.63859e-13 6.52774e-14 0.120914 0.0539519 0.630918
9 0.172228 0.0129826 6.71973 0.00657516 9.07484e-13 1.83854e-14 0.165222 0.0239266 0.868346
10 0.283289 0.0115868 7.01264 0.0088007 1.03137e-13 4.69929e-15 0.136071 0.0454243 0.864487
10 0.277118 0.0113282 7.01241 0.00858181 1.03129e-13 1.30971e-15 0.158955 0.039751 0.825357
10 0.271153 0.0118882 7.01418 0.00836579 1.0304e-13 4.72709e-16 0.181759 0.038048 0.841279
