1 0.0349947 0.000686636 11.6382 0.00138983 1.24279e-10 7.9705e-13 0.135352 0.00105611 1.74206
1 0.0640385 4.17123e-05 11.2783 0.00106554 4.91102e-10 1.6102e-12 0.0960576 0.00172926 31.3738
1 0.0216566 0.00186548 11.6425 0.00235529 1.13354e-10 7.68455e-13 0.135662 0.00195041 1.03531
2 0.0284435 0.00265057 11.6813 0.00244685 3.6019e-11 3.67341e-13 0.134114 0.00225119 1.18755
3 0.0260173 0.00595709 11.7149 0.000934832 1.06045e-11 5.05835e-14 0.139978 0.00090835 1.02827
3 0.0254706 0.00240602 11.7156 0.00269391 1.05978e-11 8.38274e-14 0.140649 0.00269446 1.05939
4 0.0408151 0.00325545 11.7317 0.00212323 3.30155e-12 3.71286e-14 0.130405 0.00341664 0.871945
4 0.0914842 1.59191e-05 11.2166 0.0018975 1.18481e-11 6.9243e-15 0.137226 0.000561638 51.3295
4 0.0441978 0.00348928 11.731 0.00184106 3.31888e-12 3.71988e-14 0.125 0.00421964 0.836719
5 0.040219 0.00490744 11.7614 0.00310596 1.9492e-12 3.29233e-14 0.141757 0.00433655 1.1209
6 0.0539864 0.00744975 11.7975 0.0023989 6.06602e-13 1.63913e-14 0.143989 0.0057529 1.19321
7 0.0575602 0.0158145 11.8418 0.00351037 1.75228e-13 1.06907e-14 0.15159 0.0104679 0.973619
7 0.112927 3.84949e-05 11.3348 0.00317394 5.04425e-13 2.16169e-15 0.16939 0.000332759 33.9971
7 0.0623309 0.00558222 11.841 0.00251728 1.7805e-13 2.68868e-15 0.147813 0.00674315 1.00594
8 0.0780182 0.0113158 11.898 0.00275033 5.29893e-14 1.7024e-15 0.155292 0.0109043 1.42142
9 0.14478 0.0259386 12.0027 0.0149423 2.3067e-14 1.67537e-15 0.140927 0.0291065 1.09761
8 0.0597913 0.00381782 11.9023 0.00330967 5.04537e-14 5.10974e-16 0.17144 0.00530452 1.33494
8 0.0624447 0.00501698 11.9009 0.00348116 5.0746e-14 6.38489e-16 0.168696 0.00623878 1.43704
9 0.144769 0.0259254 12.0027 0.0149326 2.30664e-14 1.6745e-15 0.140941 0.0290883 1.09761
9 0.123686 0.0111279 11.9934 0.00360012 2.18389e-14 5.16794e-16 0.162726 0.014686 1.02922
10 0.0617746 0.212798 12.2074 0.0110429 1.22935e-15 3.56134e-17 0.268563 0.010068 1.44352
10 0.202808 0.0256295 12.2523 0.0134666 1.80669e-15 8.95623e-17 0.191541 0.029399 1.25077
