1 0.0655969 0.000322986 5.99732 0.000234039 28700.3 2.72086 0.113115 0.000594707 21.2344
1 0.103102 5.63881e-07 5.32784 0.000392006 145484 1.53512 0.0288686 5.65569e-05 10231.9
1 0.103102 5.63881e-07 5.32784 0.000392006 145484 1.53512 0.0288686 5.65569e-05 10231.9
1 0.103102 3.50461e-07 5.49649 0.00035522 87290.6 1.49424 0.123723 6.72499e-06 12041.9
1 0.0334854 0.000197559 6.00603 0.000214914 25667.7 30.7011 0.144113 3.39175e-05 34.2952
1 0.0374941 0.000520147 6.00353 0.000439388 25873.7 47.2377 0.137996 0.000512618 3.42788
1 0.0459814 0.00015522 5.99544 0.000188245 26263 27.3546 0.124425 4.37382e-06 59.3492
1 0.0374941 0.000520222 6.00353 0.000439442 25873.7 47.2424 0.137996 0.000512692 3.42788
1 0.0631734 0.000149739 5.98876 0.000178043 27102.1 0.512817 0.105413 2.61041e-06 168.832
1 0.0668082 0.0001983 5.98978 0.000186862 28152 34.1526 0.105413 4.02763e-06 136.669
1 0.0374941 0.000520084 6.00353 0.000439348 25873.7 47.2326 0.137996 0.000512579 3.42788
1 0.0438666 0.000183234 5.99875 0.000207918 26223.4 30.1057 0.128955 1.29265e-05 15.8789
1 0.039914 0.000208715 6.00192 0.000222875 26029.9 32.6823 0.135015 8.64158e-05 3.40961
1 0.047028 0.00791429 5.99981 0.00102768 26842.4 778.184 0.130716 0.00694423 2.422
1 0.047051 0.00675593 5.99981 0.0009003 26844.8 664.996 0.130697 0.00597148 2.422
1 0.0470148 0.00671856 5.99981 0.000901442 26841.2 660.289 0.130728 0.00602819 2.422
1 0.0470148 0.00617714 5.99981 0.000845577 26841.2 608.484 0.130728 0.00554365 2.422
1 0.0754498 0.000846583 6.00511 0.000422933 29663.2 172.968 0.100727 0.000507488 5.03777
1 0.0631734 0.000149739 5.98876 0.000178043 27102.1 0.512817 0.105413 2.61041e-06 168.832
1 0.0668084 0.0001983 5.98978 0.000186863 28152 34.1525 0.105413 4.02773e-06 136.669
1 0.0668082 0.0001983 5.98978 0.000186862 28152 34.1526 0.105413 4.02763e-06 136.669
1 0.0565045 0.000199411 5.99265 0.000184068 27319 33.1776 0.117126 6.10658e-06 58.4416
1 0.0459488 0.000200756 5.99769 0.000194379 26502.6 32.2861 0.128838 1.39896e-05 13.908
1 0.103102 3.49479e-07 5.49906 0.00035206 87290.6 1.30258 0.113412 9.3096e-06 12092.4
1 0.0482365 0.000343978 5.99902 0.00024212 26825.1 54.6072 0.128195 0.000142811 2.46594
1 0.0968567 8.8289e-07 5.59267 0.000347605 91381.9 3.83087 0.106542 2.26648e-05 4730.58
1 0.0551148 0.000970427 5.99964 0.000410999 27620.7 182.14 0.123111 0.00212627 2.57942
1 0.0482365 0.000343968 5.99902 0.000242117 26825.1 54.6048 0.128195 0.000142813 2.46594
1 0.043421 0.00126511 6.00068 0.000552503 26410.7 117.148 0.132933 0.00117675 1.68268
2 0.0460386 0.00231564 6.01253 0.000871736 9990.13 83.6198 0.133723 0.00203864 1.25242
3 0.0448508 0.00205762 6.0258 0.0011789 3623.37 23.7137 0.137134 0.00219257 0.726585
3 0.0969561 4.88433e-06 5.58459 0.00094414 12197.3 6.26627 0.145434 4.55016e-05 733.904
3 0.0473054 0.006716 6.02491 0.00168486 3661.98 76.4728 0.135697 0.00696695 0.835571
4 0.0542564 0.00422207 6.04069 0.00166899 1350.62 18.3488 0.13633 0.00427796 1.04083
5 0.0523062 0.00465334 6.06084 0.00274338 880.289 12.0804 0.142918 0.00539579 0.485536
5 0.0549688 0.0126801 6.05909 0.00337667 896.838 30.7243 0.144746 0.0146285 0.30521
5 0.052671 0.00728723 6.06091 0.00318736 887.498 22.7181 0.145878 0.00572778 0.638142
5 0.0483919 0.0041163 6.06232 0.00297848 873.962 11.5875 0.148753 0.00400066 0.573084
5 0.0523062 0.00465322 6.06084 0.0027433 880.289 12.0802 0.142918 0.00539568 0.485536
5 0.063081 0.0301984 6.0585 0.00302532 919.414 101.551 0.137024 0.0291357 0.214538
5 0.0468905 0.0156098 6.06151 0.00515932 864.361 57.263 0.148745 0.00951036 0.661501
5 0.052671 0.00728795 6.06091 0.00318761 887.498 22.7202 0.145878 0.00572835 0.638142
5 0.047907 0.00269573 6.06261 0.00252626 872.744 7.93523 0.149172 0.00313793 0.531716
5 0.0486993 0.0027679 6.06226 0.00249748 873.542 7.96841 0.147665 0.00337833 0.490455
5 0.041341 0.00259919 6.06703 0.0028711 864.087 7.80541 0.160576 0.0027235 2.78422
5 0.045953 0.00264975 6.0637 0.00262127 870.432 7.89153 0.152722 0.00295738 0.954803
6 0.0509678 0.00609455 6.08789 0.00466368 349.902 6.00536 0.157573 0.00748241 0.970008
7 0.100096 0.0214475 6.10883 0.00946859 160.175 8.93406 0.118078 0.03415 1.23852
8 0.0568772 0.0208192 6.16218 0.0153693 20.6228 1.08551 0.184019 0.0222198 1.30125
9 0.0634267 0.0326992 6.22283 0.023946 13.1015 1.008 0.21356 0.0331401 1.12297
10 0.0757473 0.204884 6.32046 0.0281561 1.82193 0.164171 0.194737 0.02766 1.08923
