1 0.0299126 0.000472811 8.00059 0.000164093 4.88864e-10 1.18484e-13 0.167106 0.000853334 0.936932
2 0.0358466 0.00175617 8.01638 0.0018503 1.82452e-10 9.19149e-13 0.16829 0.00187587 1.08924
3 0.0452844 0.00262664 8.02713 0.00215626 6.60864e-11 5.00273e-13 0.163196 0.00270407 1.29626
4 0.0550209 0.00375935 8.039 0.00230886 2.37967e-11 2.59256e-13 0.160249 0.00366906 1.04721
5 0.0671249 0.00460329 8.06276 0.00194219 8.55259e-12 1.15182e-13 0.157769 0.00422237 1.0214
6 0.0751747 0.00502401 8.08917 0.00199841 4.87191e-12 5.91304e-14 0.165643 0.00580964 1.20212
7 0.0975751 0.00689589 8.119 0.00257621 2.08149e-12 2.755e-14 0.167741 0.0106009 1.98522
8 0.109719 0.00909221 8.15561 0.00304914 7.39598e-13 1.1571e-14 0.192348 0.0133695 1.93463
9 0.129494 0.0140172 8.18954 0.00665715 3.63746e-13 1.01035e-14 0.262594 0.0243783 1.94728
10 0.218509 0.0155737 8.36284 0.00847242 8.67175e-14 1.19669e-15 0.29987 0.0294846 1.02762
