1 0.0248915 0.000374684 8.46815 0.00049954 8.59103e-10 2.62868e-12 0.122486 0.000535753 0.973732
2 0.0264851 0.000394166 8.49773 0.00120142 3.12173e-10 9.86471e-13 0.125558 0.000527273 1.33413
3 0.0326026 0.000528748 8.5126 6.12333e-05 1.11873e-10 4.56916e-13 0.122156 0.000839261 1.76567
4 0.0354577 0.00156431 8.53979 0.00165881 3.99425e-11 2.53822e-13 0.127613 0.00182201 1.06826
5 0.0406655 0.00161286 8.56987 0.00164367 2.83517e-11 1.71118e-13 0.134559 0.00211826 1.18707
6 0.0482761 0.00171709 8.6039 0.00163337 1.02462e-11 6.15707e-14 0.142094 0.00214814 1.22857
7 0.080863 0.00308496 8.64487 0.00164922 3.76516e-12 3.49425e-14 0.128943 0.00375948 2.05727
8 0.0933415 0.00411457 8.70576 0.00210858 1.78818e-12 1.74131e-14 0.151183 0.00597538 2.09837
9 0.114669 0.00328129 8.80413 0.00217425 8.35562e-13 5.429e-15 0.184582 0.00536208 2.71467
10 0.196096 0.00576904 9.072 0.00338287 1.00253e-13 7.90798e-16 0.225205 0.0102956 1.85884
