1 0.0382366 0.00122083 7.99482 0.000843531 41632.8 135.986 0.165629 0.00121285 1.05865
2 0.0481064 0.0021103 8.00632 0.00100022 16726 99.2532 0.161124 0.00204171 0.989209
3 0.0527752 0.00289685 8.02025 0.001275 6315.32 50.069 0.160692 0.00293202 1.1705
4 0.0602232 0.00563413 8.03476 0.00181703 2346.5 37.2603 0.160838 0.00544096 1.25623
5 0.0527111 0.00636007 8.05998 0.00360256 1449.02 23.5186 0.17141 0.00662631 1.35408
6 0.0471269 0.00831883 8.09483 0.0067104 549.8 10.7765 0.190281 0.0089541 0.9703
7 0.146069 0.0319747 8.12968 0.034463 277.502 18.2723 0.0940661 0.114274 1.83833
8 0.040179 0.0193318 8.17038 0.0218122 29.5859 1.43679 0.212949 0.0196561 0.925532
9 0.117144 0.0289448 8.21386 0.0107956 20.5199 1.32649 0.193326 0.0319425 1.06655
10 0.094399 0.338067 8.29979 0.0432707 2.6023 0.254944 0.307314 0.0567085 1.01501
