1 0.0445494 0.000685569 6.34268 0.000514839 9.92852e-10 4.94569e-12 0.0996776 0.000404701 1.25607
2 0.0429228 0.00338856 6.36561 0.00088278 3.52981e-10 5.17819e-12 0.108246 0.00307701 1.11883
3 0.046586 0.000822305 6.38569 0.000696385 1.25094e-10 6.79274e-13 0.109694 0.000621229 0.742688
4 0.050161 0.000898633 6.41074 0.000870046 4.34794e-11 2.53634e-13 0.112412 0.000538146 1.09713
5 0.0620535 0.00306723 6.44095 0.00104937 3.14444e-11 3.44679e-13 0.112722 0.0033326 0.976053
6 0.0431626 0.00164448 6.48992 0.00178287 1.00645e-11 1.61696e-14 0.144857 0.00222132 1.84774
7 0.0308729 0.00131208 6.54049 0.00246321 3.07594e-12 9.77375e-15 0.169801 0.00356073 1.13831
8 0.131804 0.012709 6.60705 0.00515479 1.88286e-12 5.64168e-14 0.126644 0.0184878 0.960628
9 0.172228 0.0129826 6.71973 0.00657516 9.07484e-13 1.83854e-14 0.165222 0.0239266 0.868346
10 0.271153 0.0118882 7.01418 0.00836579 1.0304e-13 4.72709e-16 0.181759 0.038048 0.841279
