1 0.0216566 0.00186548 11.6425 0.00235529 1.13354e-10 7.68455e-13 0.135662 0.00195041 1.03531
2 0.0284435 0.00265057 11.6813 0.00244685 3.6019e-11 3.67341e-13 0.134114 0.00225119 1.18755
3 0.0254706 0.00240602 11.7156 0.00269391 1.05978e-11 8.38274e-14 0.140649 0.00269446 1.05939
4 0.0441978 0.00348928 11.731 0.00184106 3.31888e-12 3.71988e-14 0.125 0.00421964 0.836719
5 0.040219 0.00490744 11.7614 0.00310596 1.9492e-12 3.29233e-14 0.141757 0.00433655 1.1209
6 0.0539864 0.00744975 11.7975 0.0023989 6.06602e-13 1.63913e-14 0.143989 0.0057529 1.19321
7 0.0623309 0.00558222 11.841 0.00251728 1.7805e-13 2.68868e-15 0.147813 0.00674315 1.00594
8 0.0624447 0.00501698 11.9009 0.00348116 5.0746e-14 6.38489e-16 0.168696 0.00623878 1.43704
9 0.123686 0.0111279 11.9934 0.00360012 2.18389e-14 5.16794e-16 0.162726 0.014686 1.02922
10 0.202808 0.0256295 12.2523 0.0134666 1.80669e-15 8.95623e-17 0.191541 0.029399 1.25077
