1 0.340411 0.0313846 16.7226 0.0322942 3233.5 204.637 0.425584 0.0715338 1.13464
1 0.340424 0.03135 16.7226 0.0323 3233.58 204.531 0.425585 0.0713785 1.13464
1 0.309333 0.0726687 16.9529 0.166487 2524.16 143.438 0.250933 0.223219 0.617398
1 0.259062 0.0304039 16.9103 0.0190349 2416.27 177.02 0.335627 0.244342 0.658367
1 0.391275 0.208608 16.9937 0.0228199 2841.45 112.603 0.0783695 0.298314 1.01814
2 0.646436 0.0809715 14.9527 0.120412 4548.31 272.807 0.681282 0.537986 1.57986
1 0.391231 0.210771 16.9938 0.0236867 2841.12 119.276 0.0783688 0.297124 1.01814
2 0.458436 0.068351 16.9193 0.0767915 1416.52 156.502 0.0931497 0.197614 1.22512
3 0.248122 0.051055 13.4451 0.246937 8628.32 6736.42 0.398471 0.162746 0.590186
3 0.411612 0.263989 17.0154 0.124057 473.305 95.6841 0.0840832 0.181921 0.537988
3 0.517624 0.372931 16.8419 0.305422 615.618 181.857 0.103915 0.21521 0.60756
4 0.140586 6.3741e-05 14.1319 0.000723121 2963.16 1.45478 0.140586 0.00503025 8.89826
4 0.0659568 0.00734051 14.1361 1.62198 9362.92 7407.75 0.136686 0.0890391 1.21465
3 0.132455 0.007036 16.9668 0.00443763 353.147 1.7994 0.519571 0.0246745 1.11892
1 0.18834 0.00239197 16.9552 0.00647482 2159.22 4.6893 0.391844 0.00989101 2.82706
1 0.294266 0.00192085 17.0634 0.00722526 2168.95 11.6441 0.0681708 0.168448 0.954739
2 0.149347 0.00395051 16.9444 0.0103049 918.143 4.89095 0.465675 0.0115546 2.22023
2 0.174152 0.00398085 16.9224 0.0118521 914.559 10.0396 0.415754 0.0226675 1.63604
3 0.132455 0.007036 16.9668 0.00443763 353.147 1.7994 0.519571 0.0246745 1.11892
4 0.0648496 0.00835609 14.1366 0.867138 9534.33 7254.54 0.135179 0.0966022 1.21462
4 0.110713 0.0357989 17.0771 0.0291815 121.152 3.29702 0.521601 0.0166079 1.02437
5 0.553241 0.000607043 11.5061 0.00308197 1154.31 1.19798 0.553241 0.0114933 15.9285
5 1.01246 0.00106172 10.132 0.00312184 550.668 0.425975 1.01246 0.0090626 49.0337
5 0.523616 0.000600371 11.4589 0.00329546 1303.98 1.44836 0.523616 0.0128944 13.7796
1 0.294266 0.00191995 17.0634 0.00722474 2168.96 11.6779 0.0681684 0.168736 0.954718
5 0.469867 0.00087426 13.1729 0.00349361 826.907 1.32794 0.469867 0.0113947 8.05099
5 0.154619 0.00887663 16.7133 0.00229837 80.2959 0.207209 0.544977 0.0341793 5.65079
5 0.293255 0.0566365 16.7113 2.4689 133.825 106.607 0.773101 0.425463 1.34197
6 0.191145 0.128829 15.4508 1.14026 225.533 157.314 0.181436 0.140773 inf
6 0.0327164 0.0120892 14.4891 1.93609 3859.56 200.847 0.101656 0.0597925 1.58193
6 0.0938881 0.105427 13.7856 1.69457 1922.3 992.473 0.198314 0.13184 1.70641
6 0.0141889 0.0353862 14.9862 0.536715 6502.93 5429.38 0.0666531 0.051938 1.44671
6 0.102762 0.0165997 16.6299 0.0252648 64.5598 35.5376 0.0205563 0.0495402 1.35021
6 0.0878529 0.00379278 16.6266 0.0226774 65.916 5.02898 0.0175706 0.0405108 2.76821
6 0.0747272 0.00381751 16.6363 0.0220995 70.0611 5.91787 0.0149458 0.0313056 3.27346
6 0.0149454 0.051751 16.6839 0.0294866 40.6272 3.22189 -0.597818 0 1.76918
6 0.0747272 0.0035367 16.6367 0.022199 70.0611 5.96026 0.00747275 0.0247705 3.27209
5 0.328721 0.0310168 16.7133 0.344949 133.826 74.3099 0.695785 0.481662 1.3463
6 0.0747272 0.00382204 16.6364 0.0221004 70.0612 5.92837 0.0134512 0.0271852 3.27311
