120.636	0	0	0.0	 
177.069	7.9263e-05	2.2652e-06	0.0	 
259.902	3.57193e-05	3.54186e-07	0.0	 
381.484	1.46183e-05	5.47372e-08	0.0	 
559.942	5.78587e-06	3.24836e-08	0.0	 
821.883	2.17738e-06	1.36902e-08	0.0	 
1206.36	7.83896e-07	6.52722e-09	0.0	 
1770.69	2.73883e-07	3.11783e-09	0.0	 
2599.02	9.8446e-08	1.62481e-09	0.0	 
3814.84	3.54696e-08	7.95368e-10	0.0	 
5599.42	1.28516e-08	4.16055e-10	0.0	 
8218.83	4.7149e-09	2.10002e-10	0.0	 
13208.3	1.37886e-09	7.69828e-11	0.0	 
23488	3.73769e-10	3.08368e-11	0.0	 
41768.3	9.01433e-11	1.16707e-11	0.0	 
74275.7	2.7293e-11	4.51014e-12	0.0	 
132083	9.78849e-12	2.00917e-12	0.0	 
234880	2.84378e-12	8.78452e-13	0.0	 
417683	6.42014e-13	3.3985e-13	0.0	 
742757	1.08175e-13	1.19042e-13	0.0	 
