120.636	0	0	0.0	 
177.069	0.000100443	3.32516e-06	0.0	 
259.902	4.39233e-05	4.65937e-07	0.0	 
381.484	1.76624e-05	6.88698e-08	0.0	 
559.942	6.8337e-06	3.94666e-08	0.0	 
821.883	2.50926e-06	1.55255e-08	0.0	 
1206.36	8.90088e-07	7.74566e-09	0.0	 
1770.69	3.08709e-07	3.68016e-09	0.0	 
2599.02	1.1e-07	1.81879e-09	0.0	 
3814.84	3.92475e-08	8.67484e-10	0.0	 
5599.42	1.40306e-08	4.55687e-10	0.0	 
8218.83	5.00916e-09	2.31414e-10	0.0	 
12063.6	1.78202e-09	1.0552e-10	0.0	 
17706.9	7.64556e-10	6.13235e-11	0.0	 
25990.2	3.26353e-10	3.2892e-11	0.0	 
38148.4	1.23599e-10	1.76502e-11	0.0	 
55994.2	4.91864e-11	8.95933e-12	0.0	 
82188.3	2.40449e-11	5.30919e-12	0.0	 
120636	1.38075e-11	3.33849e-12	0.0	 
177069	6.79663e-12	1.94297e-12	0.0	 
259902	2.35122e-12	9.45307e-13	0.0	 
381484	8.14013e-13	5.02456e-13	0.0	 
559942	2.95365e-13	2.95857e-13	0.0	 
821883	6.08622e-14	7.93778e-14	0.0	 
