120.636	0	0	0.0	 
177.069	8.1396e-05	2.72833e-06	0.0	 
259.902	3.62113e-05	3.89097e-07	0.0	 
381.484	1.47109e-05	5.9493e-08	0.0	 
559.942	5.7526e-06	3.43869e-08	0.0	 
821.883	2.13469e-06	1.25714e-08	0.0	 
1206.36	7.60071e-07	6.91929e-09	0.0	 
1770.69	2.63029e-07	3.08711e-09	0.0	 
2599.02	9.378e-08	1.53262e-09	0.0	 
3814.84	3.33819e-08	7.59788e-10	0.0	 
5599.42	1.19137e-08	3.99408e-10	0.0	 
8218.83	4.30721e-09	2.01591e-10	0.0	 
13208.3	1.23815e-09	6.94399e-11	0.0	 
23488	3.4098e-10	2.95278e-11	0.0	 
41768.3	8.16393e-11	1.12281e-11	0.0	 
74275.7	2.36889e-11	4.18768e-12	0.0	 
132083	8.71342e-12	1.93455e-12	0.0	 
234880	2.73501e-12	8.478e-13	0.0	 
417683	6.45147e-13	3.31685e-13	0.0	 
742757	1.08439e-13	1.20706e-13	0.0	 
