120.636	0	0	0.0	 
177.069	8.06419e-05	2.65962e-06	0.0	 
259.902	3.50677e-05	3.72295e-07	0.0	 
381.484	1.40826e-05	5.68674e-08	0.0	 
559.942	5.45244e-06	3.20415e-08	0.0	 
821.883	2.007e-06	1.26606e-08	0.0	 
1206.36	7.13225e-07	6.54739e-09	0.0	 
1770.69	2.47474e-07	3.09943e-09	0.0	 
2599.02	8.77301e-08	1.56887e-09	0.0	 
3814.84	3.10201e-08	7.41486e-10	0.0	 
5599.42	1.08604e-08	3.99187e-10	0.0	 
8218.83	3.80852e-09	1.91654e-10	0.0	 
13208.3	1.08896e-09	5.81714e-11	0.0	 
23488	2.97308e-10	2.67653e-11	0.0	 
41768.3	6.10001e-11	9.30217e-12	0.0	 
74275.7	1.59451e-11	3.45456e-12	0.0	 
132083	5.94275e-12	1.62028e-12	0.0	 
234880	1.926e-12	7.09055e-13	0.0	 
417683	5.25491e-13	3.00688e-13	0.0	 
742757	1.05407e-13	1.28398e-13	0.0	 
