120.636	0	0	0.0	 
177.069	0.000114632	3.13881e-06	0.0	 
259.902	4.75527e-05	4.4195e-07	0.0	 
381.484	1.85637e-05	6.78508e-08	0.0	 
559.942	7.04989e-06	3.72001e-08	0.0	 
821.883	2.57788e-06	1.48163e-08	0.0	 
1206.36	9.20018e-07	7.45995e-09	0.0	 
1770.69	3.21023e-07	3.60253e-09	0.0	 
2599.02	1.14179e-07	1.82609e-09	0.0	 
3814.84	4.02458e-08	8.86933e-10	0.0	 
5599.42	1.42295e-08	4.69023e-10	0.0	 
8218.83	5.05743e-09	2.2498e-10	0.0	 
12063.6	1.8449e-09	9.9461e-11	0.0	 
17706.9	8.04532e-10	5.75771e-11	0.0	 
25990.2	3.40045e-10	3.08764e-11	0.0	 
38148.4	1.18718e-10	1.53983e-11	0.0	 
55994.2	4.21012e-11	7.05974e-12	0.0	 
82188.3	2.23347e-11	4.61344e-12	0.0	 
120636	1.33882e-11	2.94839e-12	0.0	 
177069	5.36896e-12	1.5855e-12	0.0	 
259902	1.54069e-12	6.79661e-13	0.0	 
381484	5.82214e-13	3.86825e-13	0.0	 
559942	2.31452e-13	2.23302e-13	0.0	 
821883	4.82148e-14	5.19355e-14	0.0	 
