120.636	0	0	0.0	 
177.069	0.000101368	2.94715e-06	0.0	 
259.902	4.58647e-05	4.3049e-07	0.0	 
381.484	1.87901e-05	6.51667e-08	0.0	 
559.942	7.40958e-06	3.89761e-08	0.0	 
821.883	2.76635e-06	1.47666e-08	0.0	 
1206.36	9.88727e-07	8.11579e-09	0.0	 
1770.69	3.43744e-07	3.57708e-09	0.0	 
2599.02	1.22788e-07	1.78531e-09	0.0	 
3814.84	4.35914e-08	9.01024e-10	0.0	 
5599.42	1.54626e-08	4.40666e-10	0.0	 
8218.83	5.57231e-09	2.22505e-10	0.0	 
12063.6	2.07483e-09	1.08657e-10	0.0	 
17706.9	9.04939e-10	5.79957e-11	0.0	 
25990.2	3.71593e-10	3.16528e-11	0.0	 
38148.4	1.27644e-10	1.51695e-11	0.0	 
55994.2	4.96786e-11	7.78686e-12	0.0	 
82188.3	2.59558e-11	4.83215e-12	0.0	 
120636	1.39495e-11	2.89444e-12	0.0	 
177069	5.80348e-12	1.58652e-12	0.0	 
259902	1.72795e-12	7.09246e-13	0.0	 
381484	5.65308e-13	3.736e-13	0.0	 
559942	2.066e-13	2.04087e-13	0.0	 
821883	4.07337e-14	4.6699e-14	0.0	 
