120.636	0	0	0.0	 
177.069	8.11395e-05	2.59341e-06	0.0	 
259.902	3.59034e-05	3.67993e-07	0.0	 
381.484	1.45279e-05	5.55155e-08	0.0	 
559.942	5.64933e-06	3.24616e-08	0.0	 
821.883	2.08782e-06	1.31973e-08	0.0	 
1206.36	7.43004e-07	6.57426e-09	0.0	 
1770.69	2.56315e-07	3.37571e-09	0.0	 
2599.02	8.98275e-08	1.50741e-09	0.0	 
3814.84	3.10996e-08	7.31937e-10	0.0	 
5599.42	1.09927e-08	3.82771e-10	0.0	 
8218.83	3.97622e-09	1.86778e-10	0.0	 
13208.3	1.07785e-09	6.54845e-11	0.0	 
23488	2.48275e-10	2.46968e-11	0.0	 
41768.3	5.68511e-11	9.38456e-12	0.0	 
74275.7	1.72339e-11	3.59471e-12	0.0	 
132083	6.38783e-12	1.65896e-12	0.0	 
234880	2.02035e-12	7.20461e-13	0.0	 
417683	5.36893e-13	3.00786e-13	0.0	 
742757	1.05164e-13	1.26838e-13	0.0	 
