120.636	0	0	0.0	 
177.069	9.15408e-05	2.64123e-06	0.0	 
259.902	4.21527e-05	4.10502e-07	0.0	 
381.484	1.74279e-05	6.53899e-08	0.0	 
559.942	6.94422e-06	3.86094e-08	0.0	 
821.883	2.6164e-06	1.6276e-08	0.0	 
1206.36	9.4014e-07	7.77037e-09	0.0	 
1770.69	3.28806e-07	3.71526e-09	0.0	 
2599.02	1.18244e-07	1.92433e-09	0.0	 
3814.84	4.2747e-08	9.56658e-10	0.0	 
5599.42	1.55585e-08	4.76788e-10	0.0	 
8218.83	5.6823e-09	2.41944e-10	0.0	 
12063.6	2.05242e-09	1.19597e-10	0.0	 
17706.9	8.96417e-10	6.70613e-11	0.0	 
25990.2	3.83941e-10	3.5885e-11	0.0	 
38148.4	1.39039e-10	1.88283e-11	0.0	 
55994.2	5.56133e-11	9.65513e-12	0.0	 
82188.3	2.81593e-11	5.83136e-12	0.0	 
120636	1.57805e-11	3.59194e-12	0.0	 
177069	7.27296e-12	2.05992e-12	0.0	 
259902	2.3829e-12	9.67787e-13	0.0	 
381484	8.1731e-13	5.10663e-13	0.0	 
559942	2.9382e-13	2.86882e-13	0.0	 
821883	5.85186e-14	7.25663e-14	0.0	 
