120.636	0	0	0.0	 
177.069	7.93202e-05	2.2507e-06	0.0	 
259.902	3.57357e-05	3.51849e-07	0.0	 
381.484	1.46187e-05	5.46414e-08	0.0	 
559.942	5.78416e-06	3.22851e-08	0.0	 
821.883	2.17663e-06	1.36932e-08	0.0	 
1206.36	7.83941e-07	6.49692e-09	0.0	 
1770.69	2.74014e-07	3.0845e-09	0.0	 
2599.02	9.85096e-08	1.59341e-09	0.0	 
3814.84	3.55657e-08	7.72955e-10	0.0	 
5599.42	1.29233e-08	3.98625e-10	0.0	 
8218.83	4.66997e-09	1.98536e-10	0.0	 
12063.6	1.65119e-09	9.77984e-11	0.0	 
17706.9	7.05252e-10	5.81725e-11	0.0	 
25990.2	3.14462e-10	3.06405e-11	0.0	 
38148.4	1.40911e-10	1.63595e-11	0.0	 
55994.2	6.11747e-11	8.42954e-12	0.0	 
82188.3	2.32395e-11	4.33446e-12	0.0	 
132083	5.16309e-12	1.53849e-12	0.0	 
234880	4.0774e-13	3.42051e-13	0.0	 
417683	2.11117e-15	9.70976e-15	0.0	 
742757	0	1.09067e-20	0.0	 
