120.636	0	0	0.0	 
177.069	0.00011572	2.595e-06	0.0	 
259.902	4.82727e-05	3.96746e-07	0.0	 
381.484	1.89235e-05	6.28848e-08	0.0	 
559.942	7.24915e-06	3.66715e-08	0.0	 
821.883	2.69412e-06	1.55725e-08	0.0	 
1206.36	9.79514e-07	7.9244e-09	0.0	 
1770.69	3.46927e-07	3.54852e-09	0.0	 
2599.02	1.28306e-07	1.90577e-09	0.0	 
3814.84	4.88126e-08	9.40204e-10	0.0	 
5599.42	1.79846e-08	4.7721e-10	0.0	 
8218.83	6.47805e-09	2.31115e-10	0.0	 
12063.6	2.37147e-09	1.19511e-10	0.0	 
17706.9	1.01385e-09	6.45797e-11	0.0	 
25990.2	4.24182e-10	3.45609e-11	0.0	 
38148.4	1.51269e-10	1.71877e-11	0.0	 
55994.2	6.132e-11	9.22428e-12	0.0	 
82188.3	2.88684e-11	5.25187e-12	0.0	 
120636	1.41125e-11	3.09823e-12	0.0	 
177069	6.63677e-12	1.77708e-12	0.0	 
259902	2.37164e-12	8.58053e-13	0.0	 
381484	8.97967e-13	4.66187e-13	0.0	 
559942	4.01958e-13	2.94439e-13	0.0	 
821883	8.68399e-14	7.36407e-14	0.0	 
