120.636	0	0	0.0	 
177.069	9.42794e-05	3.20308e-06	0.0	 
259.902	4.15511e-05	4.45828e-07	0.0	 
381.484	1.67528e-05	6.6946e-08	0.0	 
559.942	6.51652e-06	3.769e-08	0.0	 
821.883	2.40352e-06	1.54145e-08	0.0	 
1206.36	8.5253e-07	7.55592e-09	0.0	 
1770.69	2.9584e-07	3.6727e-09	0.0	 
2599.02	1.06169e-07	1.86015e-09	0.0	 
3814.84	3.75425e-08	8.50625e-10	0.0	 
5599.42	1.27848e-08	4.87363e-10	0.0	 
8218.83	4.52492e-09	2.35653e-10	0.0	 
12063.6	1.66521e-09	9.52408e-11	0.0	 
17706.9	7.26413e-10	5.84298e-11	0.0	 
25990.2	2.99539e-10	3.06833e-11	0.0	 
38148.4	9.77987e-11	1.4388e-11	0.0	 
55994.2	3.39583e-11	7.0474e-12	0.0	 
82188.3	1.59702e-11	4.3644e-12	0.0	 
120636	9.41732e-12	2.8252e-12	0.0	 
177069	4.73391e-12	1.65693e-12	0.0	 
259902	1.6426e-12	8.02493e-13	0.0	 
381484	6.52798e-13	4.55531e-13	0.0	 
559942	2.87532e-13	2.89942e-13	0.0	 
821883	6.4949e-14	7.58911e-14	0.0	 
