120.636	0	0	0.0	 
177.069	0.000105251	2.99808e-06	0.0	 
259.902	4.63862e-05	4.33008e-07	0.0	 
381.484	1.87474e-05	6.52557e-08	0.0	 
559.942	7.316e-06	3.81708e-08	0.0	 
821.883	2.71492e-06	1.46532e-08	0.0	 
1206.36	9.68734e-07	7.88117e-09	0.0	 
1770.69	3.37056e-07	3.49699e-09	0.0	 
2599.02	1.2025e-07	1.75462e-09	0.0	 
3814.84	4.26991e-08	8.82103e-10	0.0	 
5599.42	1.518e-08	4.42128e-10	0.0	 
8218.83	5.42982e-09	2.15013e-10	0.0	 
12063.6	2.00704e-09	1.03935e-10	0.0	 
17706.9	8.73316e-10	5.60354e-11	0.0	 
25990.2	3.59161e-10	3.02134e-11	0.0	 
38148.4	1.23114e-10	1.46001e-11	0.0	 
55994.2	4.6378e-11	7.29781e-12	0.0	 
82188.3	2.39921e-11	4.64297e-12	0.0	 
120636	1.30639e-11	2.79631e-12	0.0	 
177069	5.48675e-12	1.54572e-12	0.0	 
259902	1.72399e-12	7.12238e-13	0.0	 
381484	5.94015e-13	3.71277e-13	0.0	 
559942	2.16257e-13	2.06928e-13	0.0	 
821883	4.21526e-14	4.95606e-14	0.0	 
