132.083	0.0	 0.0	 0	0	                0.0	 
234.88	0.0	 0.0	 4.10564e-05	2.77183e-07	0.0	 
417.683	0.0	 0.0	 1.39285e-05	4.58943e-08	0.0	 
742.757	0.0	 0.0	 3.16432e-06	1.4131e-08	0.0	 
1320.83	0.0	 0.0	 6.53137e-07	5.76058e-09	0.0	 
2348.8	0.0	 0.0	 1.35494e-07	1.69756e-09	0.0	 
4176.83	0.0	 0.0	 2.84421e-08	5.62618e-10	0.0	 
7427.57	0.0	 0.0	 6.01077e-09	2.00065e-10	0.0	 
13208.3	0.0	 0.0	 1.36994e-09	7.09445e-11	0.0	 
23488	0.0	 0.0	 3.20926e-10	2.73462e-11	0.0	 
41768.3	0.0	 0.0	 7.05906e-11	9.83867e-12	0.0	 
74275.7	0.0	 0.0	 2.20037e-11	4.05271e-12	0.0	 
132083	0.0	 0.0	 7.68072e-12	1.76457e-12	0.0	 
234880	0.0	 0.0	 2.05085e-12	6.67504e-13	0.0	 
417683	0.0	 0.0	 6.06674e-13	2.88008e-13	0.0	 
742757	0.0	 0.0	 1.53554e-13	1.33562e-13	0.0	 
