1 0.0586336 0.00435971 18.0611 0.00217085 1.81643e-09 8.08563e-12 0.373317 0.00245486 1.19679
2 0.0677302 0.00325739 18.1647 0.00240254 6.80279e-10 3.09889e-12 0.395404 0.00266622 1.235
3 0.0643265 0.00729646 18.2083 0.00846451 2.45407e-10 2.19135e-12 0.389024 0.00759291 1.15519
4 0.075322 0.00944893 18.2211 0.0101134 9.37817e-11 1.09533e-12 0.418766 0.00820933 0.995275
5 0.0990718 0.0123737 18.1955 0.00934025 3.33848e-11 4.5042e-13 0.419213 0.0122704 0.847817
6 0.0746457 0.0148458 18.2164 0.013974 1.2032e-11 1.5724e-13 0.464367 0.0108868 0.999471
7 0.102057 0.0247447 18.2016 0.0216328 5.12919e-12 1.34376e-13 0.472004 0.0224246 1.48101
8 0.154126 0.0344276 18.2339 0.0180854 1.91782e-12 6.54057e-14 0.488496 0.0312622 1.3404
9 0.123095 0.0182327 18.2777 0.0120041 8.89746e-13 1.77624e-14 0.412463 0.0190004 0.925729
10 0.175723 0.0297291 18.4546 0.0183244 2.55985e-13 6.08886e-15 0.531149 0.0333101 0.911129


