1 3.03663 3.78451e-05 -5.48719 0 16990.8 0.164714 2.42931 0.000457412 3359.74
1 3.03653 3.78556e-05 -5.47778 0 16979.5 0.164606 2.42922 0.000457185 3359.62
1 0.199324 0.00584855 18.1079 0.00345923 2538.06 41.1354 0.228101 0.00248671 2.25848
1 0.213584 0.00467527 18.0956 0.00306464 2697.23 30.8596 0.251017 0.00146378 3.3245
1 0.212228 0.00462837 18.0993 0.00302179 2672.27 30.7063 0.244508 0.00172777 2.92829
1 0.211867 0.00465444 18.1022 0.00300786 2657.54 31.0406 0.239517 0.00194364 2.82726
1 0.0598793 8.90319e-06 18.1099 0.00126541 995.118 0.015175 0.239267 0.00113872 557.901
1 0.101225 0.00127448 18.0944 0.00195532 1990.24 0.331441 0.269457 0.0001062 17.4544
1 0.188447 0.00488444 18.0929 0.0028409 2576.16 31.3498 0.269457 0.0027379 2.52808
1 0.162308 0.00515653 18.0868 0.00273554 2489.04 31.7571 0.299397 0.00490894 2.33596
1 0.162308 0.00515711 18.0868 0.00273554 2489.04 31.7634 0.299397 0.00492248 2.33596
1 0.148098 0.0058449 18.0834 0.00277524 2406.55 36.2608 0.30323 0.00269949 2.07477
2 0.136424 0.0135261 18.1274 0.00508829 975.092 35.1517 0.323317 0.00936363 1.72427
2 0.162569 0.0100828 18.1317 0.00475741 1029.04 25.8615 0.310597 0.0145023 1.70466
2 0.166194 0.00974939 18.141 0.00479444 1014.41 25.507 0.291196 0.157756 1.47096
1 0.155509 0.00582571 18.0927 0.00289218 2385.68 37.2349 0.280774 0.00428814 1.71811
2 0.166194 0.00974931 18.141 0.00479444 1014.41 25.5069 0.291196 0.157756 1.47096
3 0.141201 0.0293653 18.1466 0.00986969 375.921 28.1174 0.356951 0.0437119 1.49331
3 0.179193 0.0144018 18.1453 0.00771226 390.436 13.1104 0.313992 0.0321949 1.34734
4 0.137854 0.0633938 18.1473 0.0187972 141.379 21.8391 0.401103 0.208929 1.15867
4 0.200814 0.0340465 18.1476 0.0158937 154.867 11.2832 0.3596 0.286561 1.12535
5 0.206512 0.0579642 18.1486 0.0274773 91.8232 11.2493 0.358093 0.191775 1.38104
5 0.206523 0.0580798 18.1485 0.0274788 91.8274 11.4537 0.358092 0.191495 1.38104
5 0.206539 0.0581413 18.1486 0.0274828 91.8309 11.5387 0.358092 0.191786 1.38104
1 0.155507 0.00582788 18.0927 0.00289217 2385.66 37.251 0.280774 0.00429497 1.71811
5 0.206446 0.0581219 18.1486 0.0274703 91.8123 11.554 0.358092 0.191433 1.38104
5 0.206533 0.0582799 18.1486 0.0274807 91.8286 11.604 0.358093 0.191628 1.38104
5 0.206523 0.0580798 18.1485 0.0274788 91.8274 11.4537 0.358092 0.191495 1.38104
6 0.173182 0.0699693 18.1829 0.0359122 29.5609 4.99234 0.321936 0.168739 1.21242
6 0.198976 0.0637164 18.2119 0.0387316 30.3976 4.79314 0.286281 0.177949 1.20301
7 0.186987 0.303528 18.3694 0.165957 19.458 8.07576 0.520519 0.408338 0.780811
8 0.203964 0.130822 18.2317 0.106379 7.64376 1.06213 0.203964 0.163164 1.19276
8 0.203964 0.130822 18.2317 0.106379 7.64376 1.06213 0.203964 0.163164 1.19276
7 0.199334 0.0897071 18.3302 0.0553269 15.2148 3.51008 0.293563 0.196668 0.96539
8 0.203964 0.130822 18.2317 0.106379 7.64376 1.06213 0.203964 0.163164 1.19276
8 0.221324 0.160081 18.2632 0.08674 7.62932 1.18729 0.161228 0.141968 0.978432
8 0.231372 0.178617 18.2649 0.0643408 7.6391 1.06055 0.125758 0.120753 0.815389
8 0.225489 0.17027 18.2623 0.0660485 7.59427 1.10119 0.141396 0.132647 0.891358
1 0.155507 0.0058259 18.0927 0.00289215 2385.66 37.237 0.280774 0.00429627 1.71811
1 0.0638193 0.00672759 18.1078 0.00280358 2159.81 16.4257 0.383174 0.00483555 1.92914
1 0.060646 0.0136376 18.1129 0.00280619 2123.37 17.2267 0.377596 0.00506741 1.66594
1 0.0618624 0.00701988 18.1097 0.00295015 2109.61 18.7285 0.372206 0.00538604 1.62371
1 0.0610908 0.00806961 18.111 0.00285672 2112.13 17.8061 0.374012 0.00518564 1.59641
1 0.0606459 0.0134188 18.1129 0.00280516 2123.36 17.2239 0.377592 0.00506681 1.66594
1 0.0610908 0.0080571 18.111 0.00285666 2112.12 17.8071 0.374011 0.0051859 1.59641
1 0.0610908 0.00791343 18.111 0.00285729 2112.14 17.8093 0.374019 0.00518652 1.59641
1 0.0680218 0.00844207 18.1078 0.00408134 2150.19 27.5714 0.372598 0.00719257 1.80255
1 0.063831 0.00655741 18.1079 0.00323956 2114.47 21.2522 0.370457 0.00592278 1.71432
1 0.0610908 0.00806936 18.111 0.00285672 2112.13 17.8061 0.374012 0.00518564 1.59641
2 0.157258 0.0397135 18.1393 0.0078951 1002.5 57.8094 0.301003 0.0419599 1.4696
2 0.0684799 0.0234034 18.1499 0.00486307 934.086 12.2678 0.412953 0.00887377 1.97181
2 0.0985083 0.0523346 18.1388 0.0233841 943.77 74.3407 0.369213 0.0449928 1.6589
1 0.0610908 0.00801535 18.111 0.0028569 2112.12 17.8072 0.374011 0.0051859 1.59641
2 0.0985065 0.0523368 18.1388 0.0233863 943.767 74.3441 0.369214 0.0449949 1.6589
3 0.126691 0.0638322 18.1448 0.0161718 366.805 31.5365 0.368649 0.0618855 1.33024
3 0.0628968 0.0540443 18.1723 0.00776664 329.135 7.12378 0.403982 0.0143569 1.26428
3 0.062896 0.0552753 18.1723 0.00775023 329.146 7.11826 0.403997 0.0143292 1.26428
3 0.0939091 0.0178573 18.1514 0.0119275 341.977 14.8144 0.377376 0.029423 1.28043
4 0.183753 0.0310842 18.1448 0.0178533 151.892 117.721 0.3771 0.0607831 1.12522
4 0.183723 0.0325106 18.1448 0.0178859 151.885 109.45 0.377131 0.0631663 1.12522
4 0.189494 0.112118 18.1455 0.025267 152.958 23.4645 0.371781 0.123708 1.12517
4 0.189554 0.117044 18.1454 0.0263059 152.968 24.5829 0.371714 0.130538 1.12517
4 0.183733 0.0322499 18.1448 0.0178808 151.886 110.233 0.377116 0.0630427 1.12522
4 0.189382 0.11622 18.1455 0.0259926 152.945 24.7013 0.371888 0.129174 1.12518
4 0.189404 0.115306 18.1455 0.0258213 152.944 24.439 0.371887 0.127932 1.12517
4 0.071921 0.000152988 18.1729 0.00567118 50.6308 0.0123275 0.243859 0.00514467 41.1503
4 0.189448 0.115435 18.1454 0.0258697 152.952 24.4813 0.371838 0.128098 1.12517
4 0.183742 0.0320032 18.1448 0.0178767 151.887 111.004 0.377103 0.0629402 1.12522
5 0.0716189 0.244989 18.1821 0.027806 79.2263 5.76485 0.480831 0.0545441 1.34789
5 0.0716187 0.243688 18.1821 0.0277935 79.2243 5.81952 0.480818 0.0545896 1.34789
5 0.0716192 0.238809 18.1821 0.0278124 79.2256 5.76892 0.480877 0.0554701 1.34789
5 0.12765 0.0631315 18.15 0.0377657 83.7548 10.8483 0.429711 0.237834 1.3587
5 0.0716189 0.244989 18.1821 0.0278061 79.2263 5.76486 0.480831 0.0545442 1.34789
6 0.0587437 0.134979 18.2414 0.126269 25.9413 5.75029 0.42942 0.332968 1.1829
6 0.0572584 0.169661 18.2424 0.041825 25.9775 2.77442 0.432983 0.0727369 1.18281
7 0.0587125 0.222294 18.3616 0.0570493 12.8883 1.85776 0.430101 0.0981943 0.94173
7 0.0587141 0.222245 18.3617 0.0570512 12.8856 1.89358 0.429928 0.0981249 0.94173
7 0.0761022 0.264323 18.3249 0.0528188 14.0614 1.55506 0.463923 0.0844572 0.789752
7 0.067768 0.24535 18.3431 0.0523441 13.43 1.65513 0.443658 0.0892363 0.850433
7 0.219451 0.0906143 18.3146 0.0562987 16.1449 3.43057 0.30495 0.199028 0.873675
7 0.0677682 0.244333 18.3431 0.0523711 13.4315 1.65623 0.443768 0.0854599 0.850434
8 0.225487 0.170186 18.2622 0.0659494 7.5943 1.1054 0.14121 0.227398 0.891359
8 0.225489 0.169922 18.2624 0.0660851 7.5951 1.10558 0.141407 0.227263 0.891358
8 0.225487 0.170148 18.2623 0.0660125 7.59649 1.1066 0.141532 0.132701 0.891359
8 0.225488 0.170385 18.2623 0.0660819 7.59469 1.10552 0.141561 0.305345 0.891358
1 0.0610908 0.00808363 18.111 0.00285685 2112.13 17.8088 0.374014 0.00518686 1.59641
1 0.0610908 0.0080839 18.111 0.00285693 2112.14 17.8106 0.374016 0.00518734 1.59641
1 0.0610908 0.00812292 18.111 0.00285679 2112.13 17.8084 0.374011 0.00518674 1.59641
1 0.0610908 0.00809968 18.111 0.00285669 2112.12 17.8094 0.374011 0.00518702 1.59641
1 0.0610908 0.0080519 18.111 0.00285695 2112.12 17.8095 0.374011 0.00518703 1.59641
1 0.0609751 0.00719805 18.1112 0.00284093 2121.55 17.7781 0.373453 0.00514859 1.26561
1 0.0773178 0.0272475 18.102 0.0197472 2258.06 89.2924 0.384925 0.0220779 2.19747
1 0.077318 0.0270216 18.102 0.0195724 2258.06 88.549 0.384924 0.0218347 2.19747
1 0.0773274 0.0256966 18.102 0.0185528 2258.09 83.9937 0.384916 0.0207415 2.19747
1 0.0572479 0.0140457 18.118 0.00299078 2067.48 20.6802 0.364372 0.00587328 0.983348
1 0.061915 0.0070207 18.1103 0.00294928 2123.71 18.8432 0.372573 0.00538387 1.30084
1 0.0619151 0.00705461 18.1103 0.00294955 2123.7 18.8418 0.372571 0.00538348 1.30084
2 0.115201 0.0498465 18.1311 0.0136625 975.172 70.9554 0.357841 0.0440249 1.73197
3 0.0642667 0.160608 18.1689 0.00811277 337.768 7.70169 0.414999 0.0153932 1.26174
4 0.0729034 0.274414 18.172 0.0157633 135.612 5.67218 0.468253 0.0312848 1.23587
5 0.0759773 0.28033 18.1826 0.0303275 87.2992 6.93589 0.510407 0.0625014 1.42374
6 0.0829463 0.121203 18.1887 0.103212 30.7088 6.07833 0.442215 0.199599 1.32937
7 0.245191 0.00777959 18.2848 0.0595112 17.7382 0.247874 0.367787 0.0220314 1.27558
8 0.217029 0.185528 18.3077 0.0579451 7.2117 1.054 0.14711 0.314916 0.84318
8 0.217029 0.185528 18.3077 0.0579451 7.2117 1.054 0.14711 0.314918 0.84318
7 0.245191 0.00777959 18.2848 0.0595112 17.7382 0.247874 0.367787 0.0220314 1.27558
8 0.25791 0.0610467 18.3341 0.0784431 8.05073 1.39557 0.0919159 0.353622 0.815901
7 0.245235 0.956774 18.3864 0.163364 29.5636 20.6746 0.772386 0.104992 0.981276
7 0.245203 0.74576 18.3863 0.162873 29.5629 14.2465 0.77206 0.0946806 0.981275
7 0.171718 0.0393462 18.3651 0.114454 25.487 15.0559 0.744058 0.526157 0.951682
7 0.148812 0.0018941 18.3414 0.0253278 5.0974 0.0104812 0.242406 0.0270898 12.3059
7 0.148812 0.00858466 18.3714 0.0390005 15.2922 0.134058 0.38883 0.0395918 1.57174
7 0.691834 0.536157 18.5778 0.200775 39.3529 31.4258 0.148856 0.297659 0.939641
7 0.148812 0.048568 18.3748 0.0656326 20.3896 0.839147 0.559021 0.0529328 1.02452
8 0.264265 0.0590817 18.3378 0.0793169 8.10865 1.36081 0.0612779 0.218001 0.813285
8 0.260844 0.0600603 18.3302 0.0712857 8.00894 1.27821 0.0624423 0.140252 0.76554
8 0.256034 0.0616478 18.3265 0.0713336 7.98727 1.28715 0.0936693 0.36595 0.766863
6 0.0829471 0.121866 18.1887 0.103758 30.7083 6.39198 0.442207 0.187533 1.32937
6 0.0884467 0.285089 18.1307 0.0429844 35.7656 3.05338 0.554603 0.0763393 1.14419
7 0.148812 0.0484037 18.375 0.0656271 20.3896 0.838636 0.559028 0.0531263 1.02452
7 0.144741 0.0227297 18.3003 0.0562937 20.4644 0.408831 0.584857 0.0502563 1.18955
8 0.256034 0.0616478 18.3265 0.0713337 7.98727 1.28715 0.0936693 0.36595 0.766863
8 0.257595 0.0650789 18.3278 0.074631 8.02114 1.37738 0.0939162 0.3711 0.81768
1 0.0857977 0.00179744 18.0754 0.00304206 2638.59 15.3958 0.490746 0.00484496 11.9071
1 0.0773219 0.0272681 18.102 0.0197608 2258.08 89.3859 0.38492 0.0220399 2.19747
1 0.0773086 0.0267761 18.102 0.0193878 2258.02 87.7029 0.384932 0.0216318 2.19747
1 0.0872276 0.00586196 18.0958 0.0041722 2288.03 32.1491 0.376904 0.0272248 2.20054
1 0.0872303 0.00585824 18.0958 0.00417021 2288.06 32.1039 0.376904 0.0267689 2.20054
1 0.157062 0.0172076 18.0874 0.00310826 2509.36 58.4508 0.312518 0.0184789 2.16447
1 0.0619151 0.0107823 18.1101 0.00285563 2120.31 8.31239 0.37149 0.0130994 1.30188
2 0.101734 0.00427368 18.0997 0.00603694 1186.49 13.4567 0.544306 0.0100731 6.49565
2 0.212357 0.0251185 18.1451 0.0114402 1134.43 36.832 0.277107 0.0336605 1.84222
2 0.115076 0.0490749 18.1311 0.0135237 975.029 70.2063 0.357953 0.0403812 1.73197
3 0.13409 0.0664187 18.1399 0.0144094 378.577 33.4311 0.374979 0.224505 1.29889
4 0.109503 0.0376006 18.1483 0.0256514 141.067 11.5507 0.437419 0.249791 1.23847
5 0.138672 0.0736464 18.148 0.0404977 92.8421 14.5629 0.455828 0.281177 1.43083
6 0.118383 0.0694201 18.1583 0.0452387 30.5594 5.24163 0.377256 0.217147 1.23845
7 0.395241 1.40503 18.5026 0.24161 36.6816 16.9805 0.749142 0.942948 0.951835
7 0.105545 0.412379 18.3017 0.0747036 18.927 3.05389 0.573732 0.129929 0.925983
8 0.26018 0.0819929 18.3317 0.123989 7.97873 2.31547 0.0744032 0.296766 1.00275
8 0.358364 0.204137 18.4398 0.0820845 10.2741 1.19208 0.0860083 0.0593499 0.926001
8 0.310742 0.0641327 18.3892 0.0815314 9.17269 1.39553 0.0815871 0.286776 0.812655
8 0.312989 0.0625337 18.3911 0.0813742 9.17567 1.38332 0.0543924 0.21752 0.809551
8 0.406215 0.0617569 18.265 0.183811 11.408 9.07784 0.0719592 0.238866 0.885205
8 0.238777 0.0373787 18.352 0.125332 6.84486 0.247489 0.0809237 0.282012 1.18482
8 0.0899154 0.303821 18.3604 0.190681 6.84486 0.273743 0.480786 0.0818803 1.1907
3 0.134146 0.0683231 18.1399 0.0146522 378.601 34.0267 0.374925 0.0669632 1.29889
4 0.0729032 0.267944 18.1721 0.0156908 135.619 5.66811 0.468296 0.0312727 1.23587
5 0.0759773 0.28033 18.1826 0.0303275 87.2992 6.93589 0.510407 0.0625014 1.42374
6 0.0628767 0.22689 18.1905 0.0360927 28.807 2.63124 0.430691 0.0617136 1.22789
8 0.101895 0.19109 18.2819 0.150102 9.37963 0.579078 0.487592 0.375976 0.934761
