1 0.574247 0.0597856 18.3273 0.109013 6.29526e-11 3.72197e-12 0.86137 0.125004 1.10998
1 0.0625238 0.0289535 18.1009 0.0179876 1.87928e-09 8.42802e-11 0.314592 0.0164065 0.91247
1 0.0530764 0.00137124 18.1032 0.00187524 1.84149e-09 8.14384e-12 0.321158 0.00206686 1.16588
1 0.0523622 0.00133581 18.1038 0.00301053 1.8409e-09 8.18369e-12 0.322204 0.00221474 1.14858
2 0.0576055 0.00318549 18.1646 0.00199331 6.87241e-10 3.05769e-12 0.336133 0.0021704 1.2029
2 0.0602491 0.0061828 18.1638 0.00667748 6.87187e-10 6.23035e-12 0.330087 0.00621103 1.13617
3 0.0575508 0.00110674 18.1892 0.00198831 2.48073e-10 1.1067e-12 0.33735 0.00210152 1.33686
3 0.0518271 0.00243317 18.1966 0.00195914 2.45135e-10 1.09823e-12 0.33817 0.00219556 1.17515
4 0.0711903 0.00766553 18.184 0.00697457 9.54747e-11 1.07156e-12 0.332662 0.00715826 1.07973
4 0.0606908 0.00157014 18.1935 0.0180805 9.40796e-11 4.36169e-13 0.341309 0.00264776 1.14746
5 0.0753275 0.00877472 18.1773 0.00753885 3.29556e-11 4.09562e-13 0.342591 0.00812918 0.884735
5 0.066424 0.00504352 18.1848 0.00575182 3.25431e-11 2.24325e-13 0.349635 0.00575436 0.904986
6 0.0566101 0.0121015 18.2002 0.00255191 1.1831e-11 6.31195e-14 0.367976 0.00299233 1.16299
6 0.0589255 0.00620427 18.1982 0.00778116 1.1882e-11 9.70101e-14 0.366983 0.00689519 1.11026
7 0.107487 0.0134571 18.1765 0.00931998 5.25678e-12 9.21322e-14 0.339369 0.0152221 1.23532
8 0.108238 0.0248939 18.222 0.0163445 1.87062e-12 5.68189e-14 0.383752 0.0244092 0.947783
8 0.0725342 0.0207301 18.2478 0.023405 1.78992e-12 4.35491e-14 0.411941 0.0214196 0.970027
9 0.0958744 0.0312343 18.2923 0.0245565 8.59623e-13 3.26299e-14 0.431783 0.0264628 0.913797
9 0.114421 0.0241012 18.2819 0.0157822 8.80459e-13 2.42672e-14 0.419048 0.0224646 0.899667
9 0.123095 0.0182327 18.2777 0.0120041 8.89746e-13 1.77624e-14 0.412463 0.0190004 0.925729
10 0.247837 0.0175977 18.4503 0.0133286 2.76523e-13 2.44615e-14 0.480822 0.0306587 1.02317
10 0.22624 0.0695718 18.4468 0.0131239 2.69481e-13 1.75105e-14 0.493915 0.0620434 0.966998
10 0.170669 0.0435132 18.4569 0.0235599 2.54922e-13 9.42625e-15 0.535652 0.0426387 0.984275
10 0.175723 0.0297291 18.4546 0.0183244 2.55985e-13 6.08886e-15 0.531149 0.0333101 0.911129
1 0.0540512 0.017312 18.0913 0.00221096 1.81268e-09 8.0816e-12 0.381429 0.00252589 1.08371
2 0.0786259 0.0114899 18.16 0.00969499 6.89236e-10 1.02104e-11 0.375147 0.0106308 1.07017
3 0.0623338 0.0079005 18.21 0.00252109 2.44579e-10 1.22812e-12 0.389935 0.00313104 1.17908
3 0.0643265 0.00729646 18.2083 0.00846451 2.45407e-10 2.19135e-12 0.389024 0.00759291 1.15519
4 0.0908399 0.00790671 18.1906 0.00659224 9.60451e-11 9.10439e-13 0.37708 0.00836854 0.98488
4 0.0861205 0.00780125 18.1932 0.00704163 9.57592e-11 9.13183e-13 0.383842 0.00789191 1.00798
5 0.0883152 0.00912759 18.1871 0.00783591 3.28765e-11 3.44202e-13 0.393463 0.00953719 0.836391
5 0.0808761 0.00792383 18.1919 0.00790118 3.26957e-11 2.98912e-13 0.40295 0.00828352 0.88573
5 0.0793309 0.00717397 18.1932 0.00748339 3.26358e-11 2.68683e-13 0.404216 0.00778735 0.871704
5 0.0793309 0.00717397 18.1932 0.00748339 3.26358e-11 2.68683e-13 0.404216 0.00778735 0.871704
5 0.0791083 0.0069267 18.1934 0.00739276 3.26306e-11 2.66922e-13 0.404523 0.00724954 0.869232
5 0.0817013 0.00869831 18.1913 0.00844804 3.27379e-11 3.42084e-13 0.402577 0.00835021 0.873209
6 0.0678518 0.0118313 18.2158 0.0133931 1.18405e-11 1.58183e-13 0.421508 0.0116952 1.11805
7 0.0989557 0.025429 18.2193 0.0194484 5.09243e-12 1.48436e-13 0.412161 0.0247575 1.24969
8 0.108005 0.0383353 18.2955 0.0281151 1.82494e-12 7.87047e-14 0.451331 0.034275 1.05319
9 0.104709 0.0398654 18.4435 0.032781 8.47323e-13 3.86132e-14 0.495567 0.0319864 0.957107
9 0.149081 0.0254198 18.4214 0.0140018 8.92213e-13 2.29427e-14 0.466045 0.0240143 0.963455
9 0.153224 0.0172947 18.4197 0.0112302 8.95975e-13 1.49071e-14 0.462703 0.0190881 0.942906
10 0.128106 0.00824737 18.8927 0.0118767 2.34153e-13 1.11874e-15 0.644951 0.0113076 0.907341
10 0.119637 0.00573584 18.9011 0.0111367 2.31527e-13 7.88603e-16 0.651274 0.0107746 0.912316
10 0.110567 0.00564055 18.9256 0.0105127 2.30343e-13 4.74276e-16 0.672266 0.0102751 0.996494
10 0.107536 0.0452887 18.9318 0.0105555 2.33706e-13 8.87335e-16 0.679544 0.0107664 0.947716
1 0.0654558 0.00729853 18.0736 0.00793468 1.82654e-09 1.70825e-11 0.36975 0.00745083 1.07518
2 0.0613954 0.135135 18.1816 0.127779 6.66895e-10 9.40877e-11 0.402787 0.0898435 1.08375
3 0.0637427 0.0101312 18.2289 0.01216 2.38728e-10 2.84164e-12 0.418285 0.00996001 0.910553
4 0.0913634 0.0121615 18.2129 0.0103773 9.44451e-11 1.30263e-12 0.424518 0.0112846 1.00056
5 0.0994611 0.0151471 18.2041 0.0120939 3.31925e-11 5.50647e-13 0.452756 0.0133584 0.8017
5 0.106753 0.0118225 18.1991 0.00921676 3.34677e-11 4.14769e-13 0.447224 0.0114351 0.791526
5 0.106172 0.0162516 18.2003 0.0114161 3.33553e-11 5.66711e-13 0.444768 0.0155212 0.834485
6 0.0813529 0.0277009 18.232 0.0266177 1.20434e-11 3.22111e-13 0.49984 0.0230866 1.06551
7 0.082286 0.0384392 18.2585 0.00785944 4.98594e-12 6.2565e-14 0.533681 0.0113936 1.21596
8 0.0964109 0.298491 18.3456 0.0108216 1.78024e-12 2.85937e-14 0.585265 0.0157293 1.47753
8 0.0975173 0.198578 18.3454 0.0606603 1.78463e-12 9.3078e-14 0.585807 0.0530147 1.62538
9 0.152532 0.0130053 18.4793 0.0126654 8.82715e-13 1.40458e-14 0.633366 0.020169 1.75629
10 0.162784 0.000731092 18.9616 0.016075 1.84651e-13 8.87924e-17 0.721594 0.0144303 5.55456
10 0.162784 0.0029291 19.0392 0.0163705 2.30813e-13 3.9113e-16 0.845752 0.0165509 1.41039
1 0.0619247 0.00232716 18.057 0.00230148 1.82225e-09 8.55901e-12 0.369915 0.00265502 1.2075
1 0.0586336 0.00435971 18.0611 0.00217085 1.81643e-09 8.08563e-12 0.373317 0.00245486 1.19679
2 0.077151 0.0032033 18.1582 0.00303381 6.91325e-10 3.81811e-12 0.390646 0.00331351 1.22473
2 0.0720887 0.00221466 18.1601 0.00263393 6.83752e-10 3.35862e-12 0.391719 0.00293013 1.25882
2 0.0677302 0.00325739 18.1647 0.00240254 6.80279e-10 3.09889e-12 0.395404 0.00266622 1.235
3 0.0742988 0.00175105 18.2099 0.00267073 2.45264e-10 1.19123e-12 0.403021 0.00290143 1.439
3 0.0653998 0.0012887 18.2167 0.00232656 2.417e-10 1.06668e-12 0.407129 0.00246411 1.30126
4 0.0777251 0.0438948 18.2194 0.00293129 9.41536e-11 4.74445e-13 0.417578 0.0031263 1.01036
4 0.075322 0.00944893 18.2211 0.0101134 9.37817e-11 1.09533e-12 0.418766 0.00820933 0.995275
5 0.0852342 0.0113125 18.2048 0.010826 3.30336e-11 4.39209e-13 0.436007 0.0097055 0.871009
5 0.0990718 0.0123737 18.1955 0.00934025 3.33848e-11 4.5042e-13 0.419213 0.0122704 0.847817
6 0.0840042 0.0297949 18.2081 0.00374851 1.21744e-11 7.33283e-14 0.458227 0.00429997 1.07012
6 0.0746457 0.0148458 18.2164 0.013974 1.2032e-11 1.5724e-13 0.464367 0.0108868 0.999471
7 0.102057 0.0247447 18.2016 0.0216328 5.12919e-12 1.34376e-13 0.472004 0.0224246 1.48101
7 0.102057 0.0247447 18.2016 0.0216328 5.12919e-12 1.34376e-13 0.472004 0.0224246 1.48101
8 0.104227 0.0450711 18.2603 0.0411979 1.81504e-12 9.05722e-14 0.52199 0.0380132 1.32428
8 0.154126 0.0344276 18.2339 0.0180854 1.91782e-12 6.54057e-14 0.488496 0.0312622 1.3404
9 0.110998 0.0242091 18.3644 0.00883755 8.63795e-13 9.76841e-15 0.590349 0.0104894 1.67984
9 0.105761 0.341713 18.3739 0.0614542 8.652e-13 5.13637e-14 0.599715 0.0490902 1.57944
10 0.24681 0.362366 18.6947 0.0329403 2.58529e-13 1.66498e-13 0.689459 0.128962 0.83006
10 0.226324 0.0213433 18.7209 0.0231931 2.59079e-13 9.81208e-15 0.7215 0.0319253 0.903668
10 0.191067 0.0202551 18.7814 0.0224484 2.57541e-13 7.34317e-16 0.791615 0.0282814 1.03953
10 0.191067 0.0202551 18.7814 0.0224483 2.57541e-13 7.3432e-16 0.791614 0.0282814 1.03953
