1 0.0619151 0.0107823 18.1101 0.00285563 2120.31 8.31239 0.37149 0.0130994 1.30188
2 0.115076 0.0490749 18.1311 0.0135237 975.029 70.2063 0.357953 0.0403812 1.73197
3 0.134146 0.0683231 18.1399 0.0146522 378.601 34.0267 0.374925 0.0669632 1.29889
4 0.0729032 0.267944 18.1721 0.0156908 135.619 5.66811 0.468296 0.0312727 1.23587
5 0.0759773 0.28033 18.1826 0.0303275 87.2992 6.93589 0.510407 0.0625014 1.42374
6 0.0628767 0.22689 18.1905 0.0360927 28.807 2.63124 0.430691 0.0617136 1.22789
7 0.105545 0.412379 18.3017 0.0747036 18.927 3.05389 0.573732 0.129929 0.925983
8 0.0899154 0.303821 18.3604 0.190681 6.84486 0.273743 0.480786 0.0818803 1.1907



