1 0.0268269 0.000680099 19.0373 0.00175517 1.60209e-09 7.11758e-12 0.167304 0.00109574 1.02618
2 0.0297033 0.00230448 19.1216 0.00283634 5.97734e-10 4.05209e-12 0.17192 0.00249281 1.21498
3 0.0310726 0.000769484 19.1769 0.00135164 2.13749e-10 9.83088e-13 0.169779 0.0012821 1.55678
4 0.030912 0.00256976 19.2177 0.00311091 8.22223e-11 6.17962e-13 0.175166 0.00254836 1.173
5 0.0337972 0.000798324 19.2468 0.00106577 5.77345e-11 2.6828e-13 0.17879 0.00124055 1.22408
6 0.0351 0.000948125 19.2804 0.000885121 2.13971e-11 1.0656e-13 0.182561 0.00163554 1.2603
7 0.0502063 0.00495118 19.3107 0.00427041 7.78807e-12 9.82208e-14 0.180296 0.00608037 1.70871
8 0.0562361 0.0100162 19.3687 0.00696994 2.83855e-12 6.80493e-14 0.198891 0.00966694 1.38886
9 0.0648998 0.00485188 19.4476 0.00430975 1.36617e-12 1.46816e-14 0.217851 0.00579082 1.7184
10 0.105682 0.0102322 19.6626 0.00686082 1.80824e-13 3.05419e-15 0.271349 0.0117641 1.09365

