1 0.442664 0.21194 20.6336 0.078731 5.15796e-09 2.69584e-09 0.964181 0.0466062 1.66246
1 0.0699388 0.000621224 19.0119 0.000933986 1.67361e-09 7.45167e-12 0.0882021 3.33447e-05 20.461
1 0.069939 0.000621303 19.0119 0.000934025 1.67361e-09 7.45162e-12 0.0882021 3.33452e-05 20.461
1 0.0646962 0.000628934 19.0138 0.000954382 1.6668e-09 7.43071e-12 0.0980023 3.54216e-05 16.0585
1 0.0646962 0.000628891 19.0138 0.000954369 1.6668e-09 7.43084e-12 0.0980023 3.54219e-05 16.0585
1 0.0675777 0.000690714 19.0013 0.000951605 1.71657e-09 7.39669e-12 0.10792 2.12787e-05 24.7739
1 0.0347728 0.000507626 19.022 9.4993e-05 1.65038e-09 6.80471e-12 0.161879 0.000296025 4.14604
1 0.0363282 0.000666753 19.0223 8.75893e-05 1.64667e-09 6.87915e-12 0.156728 0.00117082 2.43767
1 0.0265993 0.000669941 19.0376 0.00117574 1.61464e-09 7.12078e-12 0.16708 0.00108939 1.36486
2 0.0313596 0.000458371 19.1188 0.00102252 6.09341e-10 2.64667e-12 0.174289 0.00104194 2.14927
1 0.0265993 0.000669941 19.0376 0.00117574 1.61464e-09 7.12078e-12 0.16708 0.00108939 1.36486
2 0.0366728 0.000719029 19.1093 0.000107624 6.08996e-10 2.59539e-12 0.163134 0.00129575 2.01688
2 0.0285195 0.00227788 19.123 0.0028932 6.00455e-10 4.03543e-12 0.172562 0.00246276 1.16189
3 0.0357431 0.00028872 19.1729 0.001198 2.24727e-10 1.07812e-12 0.174984 0.00117266 4.33346
3 0.0303571 0.000712499 19.1763 0.000729875 2.18594e-10 9.90759e-13 0.172782 0.00109832 1.87694
3 0.031323 0.000766646 19.1769 0.00322092 2.18229e-10 9.94511e-13 0.169409 0.00126611 1.44231
4 0.0277893 0.000305852 19.2197 0.000963596 8.27363e-11 3.44961e-13 0.183785 0.000923503 3.53667
4 0.0329554 0.00262453 19.2158 0.00294905 8.30001e-11 6.17996e-13 0.172072 0.0027748 0.868192
4 0.0338276 0.000763316 19.2136 0.000716478 8.32084e-11 3.79579e-13 0.171757 0.00114851 0.890394
4 0.0381513 0.000766175 19.2077 0.000232466 8.39213e-11 3.74444e-13 0.167215 0.00118812 1.08219
4 0.0381933 0.000775261 19.2078 0.000242932 8.38969e-11 3.74476e-13 0.166894 0.00122703 1.05923
5 0.033039 0.00325409 19.2478 0.00360196 5.71015e-11 5.24183e-13 0.179406 0.00303605 1.25062
5 0.0339447 0.000800275 19.246 0.00101766 5.71483e-11 2.66338e-13 0.178126 0.00124331 1.18709
6 0.0314174 0.00110491 19.2829 0.00123552 2.10356e-11 1.04827e-13 0.187224 0.00128435 1.74859
6 0.0290091 0.000850143 19.2856 0.00253393 2.09191e-11 1.08731e-13 0.189327 0.00132171 1.59101
6 0.0357702 0.00096979 19.2775 0.000494776 2.11217e-11 1.07584e-13 0.180167 0.00168436 1.25505
7 0.0447312 0.00741191 19.3123 0.00652143 7.61893e-12 1.54543e-13 0.186205 0.00670693 1.38982
7 0.0476798 0.00499829 19.3107 0.00477162 7.6241e-12 1.03259e-13 0.179568 0.00579365 1.12167
8 0.0408081 0.00514404 19.3738 0.00350935 2.67918e-12 3.19765e-14 0.211542 0.00346382 1.10239
8 0.0407283 0.00866199 19.376 0.00951346 2.68153e-12 5.62391e-14 0.210488 0.00840894 1.02255
9 0.0513196 0.00384534 19.4531 0.00399609 1.28222e-12 1.4979e-14 0.226092 0.00359328 1.62037
9 0.0577048 0.00911415 19.4502 0.00697557 1.30032e-12 2.73902e-14 0.219562 0.00798863 1.36649
9 0.0555561 0.00489967 19.4515 0.00516109 1.29363e-12 1.49077e-14 0.221028 0.00559744 1.30403
10 0.109322 0.0395263 19.7297 0.0303643 2.087e-13 1.51478e-14 0.309259 0.0165959 1.75965
10 0.08281 0.0117668 19.6663 0.00943438 1.65884e-13 3.39095e-15 0.287615 0.0112773 1.3506
10 0.0897851 0.00925242 19.6617 0.00769778 1.66619e-13 2.7017e-15 0.273451 0.0103375 1.07742
10 0.077328 0.00672019 19.6692 0.0137893 1.63034e-13 2.02892e-15 0.280978 0.0101019 1.05617
10 0.0814579 0.00723998 19.6674 0.00758547 1.63416e-13 2.18398e-15 0.273761 0.00944668 1.03444
1 0.0265993 0.000669941 19.0376 0.00117574 1.61464e-09 7.12078e-12 0.16708 0.00108939 1.36486
2 0.0285195 0.00227788 19.123 0.0028932 6.00455e-10 4.03543e-12 0.172562 0.00246276 1.16189
3 0.031323 0.000766646 19.1769 0.00322092 2.18229e-10 9.94511e-13 0.169409 0.00126611 1.44231
4 0.0381933 0.000775262 19.2078 0.000242932 8.38969e-11 3.74476e-13 0.166894 0.00122703 1.05923
4 0.0381933 0.000775262 19.2078 0.000242932 8.38969e-11 3.74476e-13 0.166894 0.00122703 1.05923
5 0.0339447 0.000800275 19.246 0.00101766 5.71483e-11 2.66338e-13 0.178126 0.00124331 1.18709
6 0.0357702 0.000969789 19.2775 0.000494776 2.11217e-11 1.07584e-13 0.180167 0.00168436 1.25505
7 0.0476798 0.00499829 19.3107 0.00477162 7.6241e-12 1.03259e-13 0.179568 0.00579365 1.12167
7 0.0476798 0.00499829 19.3107 0.00477162 7.6241e-12 1.03259e-13 0.179568 0.00579365 1.12167
8 0.0407283 0.00866198 19.376 0.00951345 2.68153e-12 5.62391e-14 0.210488 0.00840893 1.02255
9 0.0555561 0.00489967 19.4515 0.00516109 1.29363e-12 1.49077e-14 0.221028 0.00559744 1.30403
10 0.0814579 0.00723998 19.6674 0.00758547 1.63416e-13 2.18398e-15 0.273761 0.00944668 1.03444
1 0.0444455 0.000358817 19.0061 0.000110624 1.53464e-09 6.21425e-12 0.114276 1.0356e-05 37.1677
1 0.0347702 0.00051213 19.0213 8.15007e-05 1.63727e-09 6.78717e-12 0.16321 0.00266558 3.83948
1 0.0367957 0.000677136 19.0217 8.93353e-05 1.63482e-09 6.87246e-12 0.156683 0.0011801 2.14172
1 0.0363173 0.000645402 19.0217 7.99679e-05 1.61757e-09 1.36583e-12 0.156945 0.00117639 2.22814
1 0.0690012 0.000616258 19.0034 0.000969525 1.61757e-09 3.36731e-13 0.0971164 2.33203e-05 24.8257
1 0.0499692 0.000608562 19.0145 0.000994754 1.61757e-09 5.68636e-13 0.129489 3.52027e-05 8.49766
1 0.0515451 0.000657837 19.0133 0.000986606 1.66313e-09 7.21503e-12 0.129489 3.81355e-05 7.94978
1 0.0389502 0.000532097 19.0217 0.000179855 1.63776e-09 6.87773e-12 0.15107 0.000125307 2.44966
1 0.0389501 0.000532064 19.0217 0.00017985 1.63776e-09 6.87689e-12 0.15107 0.000125303 2.44966
1 0.0533452 0.0665103 19.0011 10.379 1.61757e-09 4.30436e-09 0.140925 0.0849235 10.1303
1 0.0367949 0.000677166 19.0217 8.93178e-05 1.63482e-09 6.87217e-12 0.156684 0.00118013 2.14172
1 0.0268269 0.000680099 19.0373 0.00175517 1.60209e-09 7.11758e-12 0.167304 0.00109574 1.02618
2 0.031388 0.000444499 19.1185 0.00102925 6.04472e-10 2.63916e-12 0.174542 0.0010483 2.25425
2 0.0297033 0.00230448 19.1216 0.00283634 5.97734e-10 4.05209e-12 0.17192 0.00249281 1.21498
3 0.0285434 0.000404867 19.1787 0.000982009 2.12948e-10 9.27549e-13 0.173916 0.00100362 1.88514
3 0.0302663 0.000716433 19.1763 0.000588002 2.14116e-10 9.8012e-13 0.172797 0.00110708 1.86438
3 0.0310726 0.000769484 19.1769 0.00135164 2.13749e-10 9.83088e-13 0.169779 0.0012821 1.55678
3 0.0366141 0.000752212 19.1672 0.000129126 2.15584e-10 9.60592e-13 0.16322 0.00132206 2.16822
3 0.0310726 0.000769484 19.1769 0.00135164 2.13749e-10 9.83088e-13 0.169779 0.0012821 1.55678
4 0.0406884 0.000519033 19.2137 0.00151585 8.702e-11 4.7959e-13 0.17997 0.00137244 4.4525
4 0.0277124 0.00154766 19.2206 0.00096718 8.18777e-11 3.44797e-13 0.180462 0.000940423 1.77709
4 0.030912 0.00256976 19.2177 0.00311091 8.22223e-11 6.17962e-13 0.175166 0.00254836 1.173
5 0.0473672 0.000590204 19.2482 0.00201184 6.342e-11 4.34167e-13 0.189543 0.00172708 11.9094
5 0.0318268 0.000732506 19.2466 0.000391949 5.77846e-11 2.66176e-13 0.184746 0.00107002 3.54944
5 0.0337972 0.000798324 19.2468 0.00106577 5.77345e-11 2.6828e-13 0.17879 0.00124055 1.22408
6 0.0436647 0.000355091 19.2831 0.00190144 2.31654e-11 1.43846e-13 0.203983 0.00190941 23.6594
6 0.0392373 0.000870601 19.2721 0.000202076 2.16088e-11 1.04998e-13 0.180085 0.00139049 2.46375
6 0.0351 0.000948125 19.2804 0.000885121 2.13971e-11 1.0656e-13 0.182561 0.00163554 1.2603
7 0.0517756 0.0016981 19.329 0.00483977 8.50735e-12 1.22828e-13 0.214998 0.00434087 8.4257
7 0.0495868 0.0047578 19.3111 0.00431498 7.78206e-12 9.81088e-14 0.181338 0.00546092 1.74736
7 0.0502063 0.00495118 19.3107 0.00427041 7.78807e-12 9.82208e-14 0.180296 0.00608037 1.70871
8 0.0798929 0.00497524 19.4259 0.0123504 3.73428e-12 1.22502e-13 0.252139 0.00834731 6.073
8 0.0562361 0.0100162 19.3687 0.00696994 2.83855e-12 6.80493e-14 0.198891 0.00966694 1.38886
9 0.0538077 0.0155915 19.4525 0.0107009 1.32641e-12 5.19698e-14 0.224513 0.0116357 1.86608
9 0.0675166 0.00885572 19.4461 0.00541573 1.37349e-12 2.7216e-14 0.215624 0.00819214 1.77686
9 0.0648998 0.00485188 19.4476 0.00430975 1.36617e-12 1.46816e-14 0.217851 0.00579082 1.7184
10 0.0972585 0.0126751 19.6658 0.00826886 1.78912e-13 3.76714e-15 0.281878 0.0127642 1.20174
10 0.111477 0.01016 19.661 0.00635409 1.81674e-13 3.03839e-15 0.261117 0.0121763 0.98823
10 0.105682 0.0102322 19.6626 0.00686082 1.80824e-13 3.05419e-15 0.271349 0.0117641 1.09365
